2259
-4205
365
649
830
-4516
-860
-716
-7953
-7007
-1653
-5257
-15378
-13463
-417
-3194
-563
-192
-2021
1061
-7455
-14826
-27
-3422
-3392
188
-9647
-127
-222
1859
-231
-1397
115
180
2162
-1336
-1773
-293
-199
-1260
-61
-1357
-563
-2171
-2295
264
-236
-486
-11152
-56
-1393
-563
-636
-3765
2101
-257
-5092
-5770
-15079
-1953
2012
-2959
919
-1177
-10430
26
-1082
-8057
-155
-420
-337
-1646
-4497
-1468
-1121
-88
-2986
1000
-275
241
-289
-294
-419
38
-470
-568
2871
2597
-345
855
-4983
-700
-522
-1742
-757
569
-2670
-9575
-653
1186
1395
-3768
-2077
-522
498
-102
-3177
-5904
-487
-8127
915
-497
520
-4352
-1412
-7508
-1292
-3234
141
-1084
1294
-4205
-441
-1373
-2122
-1855
755
-1483
2053
-1322
-800
