-924
-1400
-8293
-370
-2895
-343
-182
410
-350
2516
-547
-1126
-4496
-1770
-1260
-858
1047
-988
-2998
-827
-3647
-3585
-2279
-4062
-418
-849
-2492
-230
728
-7747
-717
369
89
-40
-27
6200
-1810
-165
-1454
-3176
24
176
-6419
-16053
-1244
-100
-3077
1147
-1047
-1312
6257
-1173
-1214
-3283
-117
-240
-6003
-2745
-1585
-34
-1825
-918
-100
-855
-449
-1129
-10051
-1194
-878
-241
-396
-2275
2905
5
-6828
-2144
-208
-257
-2304
-878
-277
-1875
171
-670
-40
-1919
-3260
-141
-8067
1198
14
-1228
-1677
-1973
-8075
-27636
-1749
492
-413
40
-10652
-76
-857
-477
1742
-5604
-4617
-408
-2069
-47
-400
-20
-2180
-226
-366
-1654
2928
-1716
-4159
-3526
-146
198
-613
-73
-5326
-1463
-56
-337
-1887
-331
-3393
-22
-1269
-17192
-1191
-1520
-170
-2403
-2533
-12
-276
-864
-6183
-430
1536
985
-170
-1627
-4209
-140
-1888
-1647
-1097
