-3717
-1255
-628
-630
-3404
-3845
-4516
-32
-1708
-9058
-3959
-6450
-1541
-417
-3194
1229
-2654
-1759
1061
-193
-2659
-2000
1659
-313
-1235
-4264
577
-1420
-1448
-1713
-199
-1472
-2164
-279
-1957
-134
2147
-740
-2189
200
1034
315
228
-402
1153
2162
-734
-3703
-680
20
-1442
269
-11728
-6816
-869
-1157
-2644
-1129
-2664
-80
-7254
-959
-1696
-5955
-1690
-4708
-1080
-246
-4040
-5582
-898
-3051
-1949
-1150
-1364
-2959
-1139
100
-973
-430
-6843
-1039
-817
1067
-2855
-226
1242
318
-155
-517
-2282
-1304
-1810
-615
-2020
-615
1161
-1752
-4602
-2461
-1635
-8008
1984
-2971
131
-6767
-8737
1391
-5058
-3817
-1832
-103
164
-1807
38
-1903
1024
-6398
-759
-491
-565
324
-5005
649
-3378
-460
-1107
-261
-156
-1602
-3755
-567
-2071
-617
27
-978
-16389
-315
-943
-522
-4023
2210
-4061
-5904
-676
-487
-694
-721
-352
356
-1188
-1407
-1300
-1947
-2409
-160
27
22
71
-180
-1437
-721
-3830
-4872
1676
-2324
-1145
-833
-1154
-780
-1380
732
-961
697
-327
-433
5
-793
