1929
-1872
15
-132
-1926
-229
-2047
-195
1316
1183
1355
-10197
-1158
-3122
-124
-1593
-612
-2256
-5482
-35
610
-1049
-6235
3849
2846
-1693
310
-6378
-521
-433
-611
705
-907
-128
409
-5081
-1307
-14061
-121
3146
-2239
-2433
-1997
-230
-596
-1515
-494
-630
-1816
-12
-211
-2895
-3932
31
-3699
-4362
-11428
-2555
-3519
-2466
-712
-3288
-3018
-53
-848
-1937
-294
-804
34
1657
-117
-5833
-3196
391
-2024
-2541
-1825
-139
-2692
-1897
-430
-163
-12138
-3957
-3024
-2252
-958
916
992
-1439
-9594
-4469
-152
-2376
-1639
-1180
-241
-745
-1377
-80
-8756
-171
-2752
-311
-1563
-58
-3145
-2731
-80
1823
-379
-6783
1131
-151
-1573
-2455
-11729
-721
171
-225
-806
-1919
-3260
14
-2729
-1512
1344
-1002
-2230
-6380
-3406
-72
-25
-4021
-496
-1103
-593
-1862
-1284
-1232
-76
-264
-1669
-805
-4431
-7878
-1841
-2447
-2609
-17835
-1183
-101
-119
-163
-2180
-210
1380
-3758
-330
-448
-3970
-1321
-842
-73
-274
-536
-4928
-419
-4778
-548
-4595
-294
-27
-133
-3000
-1735
-273
-1962
-434
-243
-750
-6722
-2568
-262
-6350
-170
941
-2167
-3048
562
-1421
-413
-1044
-1969
-172
-3067
-4645
-430
-1056
-7285
501
-1571
1
-105
-2240
-3246
-6203
-1133
-3274
-1207
-3278
-5879
-3165
1042
1319
-360
-287
-214
-139
-3676
-27
