-256
-3717
-1448
-406
-1255
-628
-2908
-630
-3404
-4516
-32
-3959
-6450
-5624
-417
-3194
1229
-2654
1061
-2622
-2659
-1028
1659
-313
-1235
-4264
577
-199
-1472
-2164
-330
-134
2147
-740
200
315
1153
2162
-2242
-734
-3703
-680
-1442
269
-4435
-11728
511
-869
-1157
-2644
-1129
-746
-466
-7254
-5753
-1696
-3810
-5955
-1690
-4708
1472
-1080
-246
-5582
-885
331
-2932
-3051
-1949
-5
-176
-1150
-1364
916
-603
-1139
100
-973
514
-817
-226
1242
-2441
544
-517
-2282
-1304
-615
-615
1161
-1752
-933
-4602
-1058
-2461
-1635
-426
-2345
-8008
1984
-2971
-6767
-8737
65
1391
-5058
-3817
-1832
-103
164
-1807
-1903
1024
-6398
-491
-565
324
-5005
649
-171
1916
-6519
-606
-261
-156
-1602
-2685
-3755
-567
-617
-978
-16389
-315
-3768
-5716
-943
-522
-9598
-4023
-7786
-4061
-2107
74
-487
-694
-721
-352
356
-1188
-1300
-1947
-2409
-160
27
71
-3830
-4872
-533
-7508
1676
-1050
-1145
187
-833
-780
732
-961
697
-433
-1333
-793
