-4836
-6473
1083
-132
-149
-276
-521
1654
-2800
-8261
-309
-645
-5625
-205
4593
-1850
-2698
-398
-302
1096
646
-3122
-10062
-3122
-2736
-27827
-3900
-1227
-608
-398
-263
-2373
1303
-10200
-3647
-7098
-2759
-341
-2539
-10696
-13
-52
-1335
-3454
-3758
178
-423
-27
-2170
-7747
-823
-717
-298
-120
22
-1106
-2016
-3749
-2406
-133
-462
-918
-625
-165
-1665
-969
-2943
-774
87
-2003
336
-638
-1915
-318
-884
-426
-2013
-2841
-26
-18
-740
-215
-6951
-2741
-3971
136
-325
-2035
-12342
2086
-330
-78
-10254
-2224
-3041
-30
-359
-4931
9
-2696
-1733
-31
-855
-7779
-658
-361
529
-216
-2450
-2305
-455
-3158
-366
-104
-113
-2213
-4084
1903
-607
-1825
-7480
-738
-1691
-369
-5839
-758
-2829
-823
-237
-2228
-111
-1446
-4124
-9241
-203
-29
-17288
-1152
-46
-451
-549
-3150
-701
-1743
-4283
2480
-238
-58
-2353
734
1122
-733
-2052
2440
-3022
-2107
27
-159
-8741
-3677
-2873
-1526
-1735
-2210
-175
-175
-3895
959
-126
-1786
-1227
-126
-6774
-8621
-576
-239
-174
-4311
-125
-1233
-2339
1898
-882
-1872
-4077
-1805
-480
2400
-968
62
-1617
-1683
-3527
-6406
-3742
-916
-106
-617
-31
-2262
-5449
-1237
-4402
-150
-646
1477
-7791
935
-1887
-7822
-286
-73
-1591
-260
-2462
-782
-13006
-594
-102
-6598
-610
-5798
-602
-4893
-350
26
-114
497
-9485
-1531
-333
-434
-679
-550
1387
-2021
-7583
-676
-8666
-17066
-1882
-1820
-27
-170
-1089
284
-18733
-3684
-1974
-283
-156
-189
-432
-17336
134
-162
437
-60
-4064
-163
-3498
-240
-3396
-116
-934
-1669
-539
-8652
1787
-407
-484
-1553
-265
-5346
-184
-612
-1110
476
711
769
-1743
-1982
-1033
-5273
-474
-27
-1285
-6398
-311
-4245
61
1063
