-4836
-6473
-149
-276
-521
-315
1654
1564
-2800
-8261
-309
-645
-5625
-205
4593
-1850
-2698
-931
-398
-302
646
-3122
-10062
-3122
-27827
20
160
-3900
-608
-398
-263
-93
-1009
-2373
-10200
-7098
-2321
-2210
-2759
-341
-2539
-13
-7938
-52
-1335
-3454
178
-423
-2170
-7747
4674
-717
-1512
-858
-298
-632
1834
-120
-1106
-174
-2016
-2406
-133
-2617
-462
-625
-1692
-165
-1665
-969
-2943
-3616
-774
-1510
-2028
87
-2003
336
-638
-1915
1013
-318
-884
-3744
-2013
-2841
-26
-18
-740
-6951
-2741
-1573
-353
27
-498
136
-463
-325
-1400
-2035
-12342
-4670
2086
-330
-78
-10254
-28
-4315
-1419
-565
-966
-665
-3041
-30
-359
9
-2696
-2315
-1733
-31
-855
-7779
-7347
-658
-361
529
-216
-2953
-2450
-2305
-540
-455
-3158
2798
-306
-366
-104
-113
-1777
-942
-3595
-2213
-68
-607
-1825
-7480
-738
-255
-1862
-1691
-3337
-3697
-5839
-2296
-758
-823
-759
-460
-2228
731
-111
-2700
-1446
-857
-4124
468
-377
-9241
-203
-1474
-17288
-1286
-562
-1152
-451
-549
-3150
-5178
-1743
-1786
-4283
2480
-154
-797
2369
-238
-58
734
1122
-733
-2052
-311
2440
-3022
-2107
27
-8741
-3677
-2873
-175
-175
-1503
-3895
959
-126
-732
-1932
-1786
-1227
-126
-1560
-6774
-8621
-8989
2115
-576
-239
-174
-125
-1233
-5768
1898
-882
-4077
-1805
-4825
-480
1615
2400
-968
62
-1617
-1683
-3527
-1512
-1568
-1062
-916
-2898
-964
-31
-2262
-2948
-5449
-366
-3587
-4402
1477
935
-1887
-1663
-129
-7822
-286
-73
-1591
-260
-2462
-782
-13006
-594
-6705
-40
-6598
-610
-602
-350
26
497
-9485
-4
-1531
-333
-313
-679
-550
1387
-473
-39
-3756
-2021
-7583
-676
-17066
-1882
-1820
-170
-1089
-311
-165
-1023
-283
-353
-156
11
-189
-1342
-146
-432
-17336
-162
437
-60
-4064
-163
-3498
-2957
-240
-3396
-576
-116
-1669
-539
1787
-407
-1627
-484
-612
476
-5347
-1561
-1743
-1982
-1335
-2485
-1033
-5273
-474
-27
-1285
-798
-311
-4245
61
1063
