840
-33
-813
-4457
-5054
-3107
151
358
-606
-2683
-3792
-1906
174
-290
42
-141
-844
-381
-806
14
-4083
-281
-1959
104
107
-1095
-10486
-6253
-5738
-639
-187
-4882
-9567
-42
-712
-1849
-933
-3122
-166
903
-484
-2143
-512
-183
1571
-2634
-2039
-255
-13953
-3432
-223
-194
-10668
-1860
-5255
-5315
-1057
-2841
-4489
-1098
-3114
-3294
1412
-1268
-2785
-72
-2908
-469
-8286
-2154
-744
-6497
-2294
-714
-7475
-483
-726
2383
-1924
-3407
-3678
135
2749
-11922
-3840
2180
211
1415
-334
-225
408
-165
-408
-4758
-609
1389
-121
-271
-2020
-1692
-1445
-2400
-1400
378
-2324
-1049
-1777
-3139
-3132
-853
-1669
-2527
-2585
-1495
-1256
27
1011
2717
1679
-725
-1240
-47
-1973
-723
-1874
265
815
1213
-1071
1336
-2959
-576
148
-744
-8702
-9258
-348
-6173
-675
-3855
-165
1004
1031
-1775
620
1093
1990
-169
344
-767
-1602
-1566
-1144
2150
2022
-1433
-268
126
13
-808
-5580
72
-940
-1366
-110
-33
-211
-1065
-5448
-898
-203
-1145
-197
-1063
-827
-1602
380
29
-4581
-301
-65
1905
-3345
-3415
-3748
-1677
-6510
86
-463
1342
-10434
-1369
-356
153
-3033
-784
-4270
-2492
-749
-4851
-1120
-1297
-8017
-3240
-741
-4404
1695
-1995
2740
1697
-36190
-1133
-9
-5069
530
-602
-696
225
-3640
-4344
-50
-6346
-4571
1283
-417
-488
-502
-5331
2353
-222
-1464
-1581
-1168
-190
-1382
-3529
-2102
-1055
275
-1078
-605
-345
-342
2148
-4227
-2199
-13463
-5070
2011
-5958
-2335
-12160
-432
-2549
-2837
-2855
600
-6721
183
-646
-14108
-13882
-7283
-6825
-5551
-337
-611
-1156
-1159
-1199
-14
-2514
-199
556
-2536
-1888
-608
-1057
-8197
735
-1008
-522
-89
-8893
-65
-2180
364
-3902
-1447
-518
482
-166
156
-3995
-4167
-854
-1173
-2268
-10
-2188
-4904
-638
-600
483
-621
-7627
-1962
1432
-625
-1047
-1155
-2246
1
-835
699
-2654
-2929
2012
-702
2877
2
-2343
-3600
-346
-499
2085
-1337
-157
-53
345
-302
583
-1848
-263
-2152
-1571
-1518
-795
-3868
569
-4795
-1525
-1759
-243
-291
-117
-5214
-841
-5807
-589
-1060
-708
734
1127
-891
-13419
-3896
-3771
-976
-3436
-215
10237
-527
-2289
-511
-4190
-1411
-12768
521
-310
-330
-440
-414
-487
2146
1711
1553
1496
-1552
2502
-1438
-6083
-1778
0
-229
-263
-271
-3226
-2861
-4317
-1666
-4386
-3990
-3800
-2391
-259
-1896
-7
-871
-2792
5825
-380
-16057
-12637
-2407
907
-9958
-9319
-18613
1157
-1368
-5787
-2852
-1437
-151
-1058
-10882
-890
-1321
-1017
-1023
-2211
-3220
-7582
-7467
-7455
-2157
125
175
-1199
-98
-1090
-1796
-128
-153
2033
-831
-13973
-4065
-3748
-534
116
-4926
-2568
823
892
-6781
-6012
-4215
-2423
181
-7765
1072
1203
-11123
-76
367
-1644
3032
1252
-14557
-2166
-206
-3166
-679
-2091
-813
-119
-971
40
41
-245
-577
268
871
-4884
-4821
-2890
-2123
-493
-340
-1410
-1985
-693
-170
-4920
-1744
-1101
825
-1171
-1267
-1061
-1735
154
-1659
-1507
-5481
191
57
167
-770
-754
-2004
346
2069
-8412
-668
1996
-349
-66
-883
-3120
-210
-918
-1191
-1149
-419
223
-2731
-165
-2500
-1378
-1296
-1076
-1840
-941
-1367
-137
-775
-275
-509
-1844
-14848
308
-2103
-2419
118
-2498
-4107
-1144
-5219
-3544
-6070
-4
-7211
-3301
-3021
-375
-5780
-1104
-1111
-1387
-3744
-332
477
25
-729
-1641
176
-517
-2011
-2142
-163
-255
-989
-3066
298
431
797
-207
-1919
-2075
-2161
-3651
-1041
-4069
-1456
-10184
949
-18832
11
-633
1878
-1805
1835
138
-5472
1775
-148
-4764
-602
-1102
17
-483
-16780
-5371
-5698
-8546
504
-434
-1280
-1937
-1272
4597
-1024
-475
2500
-919
-615
-1771
-1688
-935
-21
-651
-649
-1565
135
-223
-2236
479
-4298
-4995
-1937
-623
-13392
-10241
-23834
-22169
-1439
-6364
-1431
-423
756
-825
-1738
-6409
-8754
1794
-5074
-1472
-606
1316
1624
-689
-105
-514
-434
5159
601
565
-3226
-445
-1146
-1470
-1534
-4385
-225
-6083
-6137
-1335
-717
-2390
0
-4234
-83
-322
38
-8705
-9942
-174
-3566
-412
-2658
272
-656
-3884
-66
-403
4815
1739
2289
3125
-7891
-1477
-93
-3718
-2138
-348
137
-1892
-221
-1715
-364
1974
3255
-1991
-1865
-162
-2
257
-7544
842
-452
-1990
84
-4400
-2570
-3945
1160
-318
627
1173
-1190
-2382
451
488
890
158
2582
3041
-671
1355
1419
1657
1784
-1253
-1652
-1744
-4037
-621
947
-5069
-521
-1343
403
-3845
128
154
-7683
-4875
-1433
-420
231
13
-911
-2143
-775
25
1637
-429
-2711
-500
-10213
-10046
-440
-437
-408
-379
-32
-960
-1084
-957
-4252
-418
-2279
752
-92
479
-4973
-655
-2925
-34
-1374
-44
-1095
-877
-228
-476
-11461
111
-2363
-462
-4800
-3519
-5700
-7163
-3247
-470
403
-1393
-3585
-1145
-3859
166
191
-928
116
-884
-88
-1315
-219
-4881
-185
-1057
-2670
-812
-1797
-1258
88
-3800
-1173
-1003
990
1035
-1855
-313
-1744
-429
-7413
-171
-6048
-6677
-93
-442
838
2838
763
313
-1317
-635
-3290
536
-1276
-15
732
-2419
2187
644
-154
22
194
266
2452
-370
598
-738
-850
-2429
-846
-9953
-572
-2995
-55
-175
-4861
-2160
-5738
-295
169
4430
216
273
-7949
-7283
-3853
-217
-1492
1738
2410
-316
-11192
-11557
-10578
-9626
-2482
-1602
2440
839
-619
594
-580
-1464
-1688
-1397
195
-298
-448
2062
-683
-470
462
-330
-2613
-2921
-5090
-319
-2818
-514
-110
-362
-2650
-848
-786
-8713
-7908
-683
-3840
695
-2222
-3753
275
-759
-1504
-296
353
-3460
-691
-342
-243
-224
-1054
-1011
-150
-382
-147
84
209
-314
-13017
-339
1
-1989
-498
313
46
-1426
-1649
-1750
-385
-567
-250
-4191
-8896
-8845
-8792
-5795
-1727
-3729
-892
-796
1977
1488
-4336
-2820
448
-1007
650
24
-11712
-151
-246
-274
-9
-434
-275
3132
-293
-155
-933
-946
-1268
-662
-1474
-1654
-2672
-403
-4078
115
-2482
-3388
-1890
-1405
-7661
-1439
-2300
-390
-2848
-4340
-511
-925
-2358
-4075
-2608
-12901
-13020
-3199
-785
-241
-1788
4545
-1309
-642
-4849
-1268
-227
-1041
-4766
-8151
-5557
-5412
-3070
2322
2269
1427
-331
230
1205
-518
1444
-1311
1031
-1772
-1265
-301
911
-3648
-5095
-1689
-203
-7025
1162
99
-2101
-2147
-1712
-686
-110
-1261
-482
-18761
-299
242
-295
-439
-2788
-1454
930
265
65
67
-1673
-2299
2508
-7103
-13002
-358
-5235
-1821
64
1241
-97
682
1553
-502
-10300
31
-10257
2672
-25657
-19341
-17884
5951
5706
-2353
-2283
-1942
-1344
-2366
-6013
-4078
-607
-850
-958
4028
-2385
359
-229
-47
-2330
-1641
2272
-592
-667
490
-431
-303
-164
-10601
-577
-14182
-886
138
88
-4639
139
976
338
146
-1429
278
-1161
-1504
-892
-1464
-5850
-872
-269
-1598
-680
42
-786
-2273
-952
-3631
164
-3133
-5007
-5600
-9055
-975
-2006
-2560
257
1293
-1500
-6973
894
185
-83
-3162
-1923
-4563
-4428
-323
-3677
-10935
-10447
-1323
-6230
-4235
-649
-588
669
618
-6001
-7200
-1326
-8114
-2996
-2111
-963
-864
-1056
713
-2087
3112
-1832
-7473
-1878
1934
-2158
-3020
-825
-770
-570
-104
-4401
-2068
-2996
-1655
6405
-231
-334
482
-193
-984
-1877
210
-1019
-1278
-2188
-653
-2413
-4886
-3530
577
-604
1
-220
-850
-847
-4230
-586
-2937
-8815
-1696
-4515
-5075
-6259
-1456
-3819
-1533
-149
-241
-13583
-2603
0
528
-1416
-1036
-400
-1472
-447
-4293
-242
-374
-2403
-159
-649
-241
-1726
-2856
-5790
-11073
-1787
-1027
-1017
293
-198
823
889
-5726
-2584
220
-6133
-2063
-6184
-5137
-1170
-2071
-915
-560
-3271
-3470
-5305
1621
937
11
2101
241
-6064
-5034
-1593
-1077
139
-156
-253
779
-3255
-4843
-189
509
-5769
-9776
-3811
-1236
-289
-1918
-246
-4542
-5936
-730
-34
523
-156
-1513
-12235
-9213
-716
51
-509
-2185
436
-981
-309
-154
450
-53
790
-810
-381
-3389
922
-398
1618
1101
-676
-298
152
-624
1737
-2354
-2505
-2766
-133
-60
771
-859
24
313
-2848
-3778
-2699
-3041
-2859
193
-5721
-2245
886
40
321
-181
-1362
-41
-2157
-2367
-713
-1530
-2858
-4958
54
-1180
-1005
-943
-4025
306
-289
-1744
-501
-249
-448
-3122
-4706
99
-2384
-1040
-54
-2143
100
-1157
-7579
858
-9069
-2481
-4141
-5317
-849
134
-3269
-3074
-612
-3269
-2586
-1552
-1453
282
-16
-1182
216
-12
-401
-484
-1730
-3355
-513
-1103
538
1356
-887
-105
2577
-1304
-606
-1853
-1843
-988
-8222
-12089
-4
-3096
-424
-2686
-2224
-1288
-1319
-1174
-1110
531
-3113
-3081
-276
-2419
-1817
-1670
64
-76
-3462
-590
-2038
44
-14709
-1849
-6274
-412
-229
-3870
4718
-1916
-3247
-1559
86
-1217
-890
-1499
-4307
1662
-303
-4004
-26422
-352
-335
-496
562
-2193
-4804
-1768
-5163
-7095
74
-997
279
-880
-428
-2104
2213
-2781
-936
-1311
2785
-1855
-4238
-273
-2190
-2183
1644
402
-1879
-1029
-1015
-512
38
-242
-2051
-3524
-3676
-3700
-1591
16
-417
-3379
-3440
-3606
-3703
-3529
-2953
670
269
-328
-2459
-768
488
-1120
-1720
-1528
-8783
-1661
-8100
-4694
-5836
-2504
-3962
468
-146
1835
-1450
-1464
-744
-2025
-3491
-2536
-2363
814
-3689
-327
-338
-428
-32
-6870
-213
-76
645
-2525
1819
-3199
-6042
-152
-1467
916
-396
-2142
-2079
-860
113
-3122
-4820
756
-6163
-454
-775
-655
-6763
-106
-1123
-635
401
-1579
-869
-74
-15918
2689
-3762
-2834
-4632
817
1403
-1608
2231
-5287
-4987
-1889
-1853
-1845
-1712
-23
145
-141
-482
-818
-223
-4338
-11703
-11714
-12374
-386
287
-1339
-437
-1203
-296
2998
2108
-717
-457
-3020
-3030
-2684
1294
-378
-979
-579
-7
872
-1257
613
719
-2810
-2798
-1608
-4818
-111
-926
-1081
-190
-4724
-1810
-581
-12981
-4919
-4
147
-9054
-474
-336
-1370
-2617
-2723
56
-4665
-6796
-4497
-4223
-4076
99
-7726
-455
-2293
-2207
-2075
-2042
-2279
1107
1265
-2631
-3671
-2108
-3872
1719
-3946
85
-1219
-3663
-3549
-732
-1610
70
-1314
-686
-1430
-2475
-1812
-1767
-461
-2481
-104
151
-742
-463
-1125
-404
-2213
2633
-1587
-417
-2907
-388
-767
1347
-2211
113
-190
0
-1789
-810
-3345
-4650
-4522
-1179
258
-455
-2681
429
-2777
-3798
-904
-376
1670
-3185
-3026
-8099
166
-6264
-5151
-1340
-1065
-508
185
-666
333
-878
-6993
3201
-5590
-5508
-5323
-585
-3036
192
-810
-165
-3011
-1072
-1195
-509
-4576
308
-70
281
257
-451
-240
-147
-5583
-8057
209
-2160
-1692
-722
-965
-265
-2759
-1602
-4164
-1363
1752
-890
2109
-3189
-2399
-1375
172
103
-5597
1159
-2215
-2104
-248
-106
-241
1625
-3188
-22
760
-1254
-1174
-536
-41
-8494
121
-2218
-426
-556
-1749
-2058
-5144
-5159
-5300
-5423
1867
-1178
529
-573
-589
-221
253
265
-5110
1171
-1613
-2601
-582
-6532
-721
-2298
-2222
92
-1736
335
-436
-519
-703
-230
-635
-860
-2460
-170
1311
-1652
-3632
-3554
-197
-242
396
-23
1011
-188
-1212
-1217
1698
-1480
-1701
-1934
302
-1201
-831
-1034
-1647
-305
-518
-3690
340
-8481
-2034
-2801
-929
-529
-1420
-1643
-1178
-2585
-1558
-1537
-514
-1823
-1898
-627
-5156
113
-4194
-5
-7610
-2280
-888
-6337
-4243
-405
301
-2530
91
-2114
-938
-1279
206
-1742
-1524
-1493
-298
-810
-686
-93
3515
3178
897
-1624
-2773
-1049
243
-1631
22
-936
-6310
924
-613
-1045
-2433
-2984
-6653
-197
-2000
-1523
-1129
-2254
-126
-12
-3076
-1147
-1183
-286
-162
90
-160
-251
-1553
-8125
-1190
-2233
733
-933
-340
-759
-1103
0
695
2747
-145
181
-13
-9825
-6402
-832
-1905
-3549
-6072
-1055
-2866
-1930
-4301
-334
-490
861
246
65
1366
-999
-998
-806
-16683
-4480
-434
-848
-2279
-2931
-1890
1925
1676
815
812
-1033
-6811
-5569
692
-2258
-2264
247
-382
-4048
-24
-1070
-880
-1096
-477
-2
-3385
-4028
-7273
-6842
-7961
-7901
165
3051
108
-96
-3472
-1045
-801
-6568
1026
-3819
-1581
741
312
0
-5306
-1354
-113
-2479
-14803
-212
-7816
-7424
-7233
-5763
633
-17370
-17169
-11384
-1980
-2031
-441
-4851
-1905
-2175
-4613
1409
-812
-525
-377
-2393
-213
158
65
216
153
-678
73
-1581
-4940
-1310
-6193
-7026
-571
539
135
-1136
1014
367
253
2
99
-986
-1450
2218
-702
-74
-5995
-6311
-4942
238
-6247
-641
-246
-352
-2183
-5729
-5298
-3007
-2168
-2138
-87
448
544
-1533
-2248
936
-294
673
-643
-853
-112
-42
-1022
-1516
-2326
-2368
-7031
-9923
-8875
-193
-352
-238
273
-1422
-2439
945
-74
-9459
-7422
20
2565
-1861
-1287
65
-1335
1026
1621
-200
-598
-4354
-1036
-1563
-826
-13346
-13557
-2529
287
-716
-591
-52
-134
-1259
-3558
-4216
-6224
-2606
-4715
-4894
-4214
-10055
-2038
-2017
-1714
-747
-2811
-525
-2779
1226
2107
2616
-352
289
-762
-4342
-2341
-1649
-2030
-811
-11909
-348
112
554
510
-3631
-414
-417
-291
971
-994
-402
-11359
-9027
-1954
-235
-2251
-379
221
-208
-61
-273
-1061
-425
-461
-730
-733
-764
-788
-1311
-2312
-663
-1030
-1027
-1280
-731
38
-4558
-4761
-214
-2103
2561
-4415
-4470
2766
-616
-520
-383
-1355
-8172
961
-216
75
-872
-272
-2186
-343
-57
-182
-1504
-5023
-1112
-1451
856
-326
338
478
-572
-1614
-689
-568
-1663
-2848
-2086
-355
-346
-594
-1008
-161
-1770
-183
30
-1827
-1638
2375
-10417
-646
1560
-4374
-5574
-1374
-121
-3107
1154
-5701
-3125
-944
698
-19
-444
-1684
-935
-370
-3543
816
-3236
-712
-614
244
2
-1879
-232
-918
-891
-280
-1336
-9963
-10671
-3682
-1753
-6083
-5259
-1058
1
-2337
723
1
-3859
-2632
1407
-4978
-2240
-1186
-1358
-199
-1675
-2169
-2543
-1492
196
-5543
-1032
-2102
-1068
-151
-399
96
-195
-97
-1134
-452
-331
-4330
-9802
-5366
-748
-647
-650
1857
-899
-1809
-2083
991
-5089
-212
-4960
-5338
-3435
-197
-678
300
-346
457
-4468
-1129
-618
-621
-8299
-4932
-4584
-774
411
-1903
-3938
-2665
-2394
510
1445
293
-98
-3660
-1080
-2357
-409
26
1248
901
-278
-459
-175
-630
-2982
662
-2328
-1301
-1175
-1290
-2313
-1197
-527
-1149
-1601
-5526
340
1819
298
-1632
-178
-965
-247
-3119
-3375
-1686
-1234
-4783
-4832
-2971
-9483
-7023
104
-1435
-920
1737
1890
177
-90
1827
0
6620
-142
-815
-2861
84
-624
828
-312
950
350
-2570
-2184
-3422
653
-77
-2807
-2628
-978
-2039
-1984
-1092
-1603
-5039
-255
-5628
-5718
-5728
-180
-54
-3280
-2356
-2584
375
-596
-950
-1938
-1941
-2869
-1174
346
-7931
348
-4989
-1072
-787
-1490
82
-561
-749
-514
-1407
274
-189
-1567
-8891
-1540
67
-6470
-8930
-2066
-2250
376
-3744
-1602
-9413
-2394
-1261
-2847
-2822
586
-1056
-1281
-317
-33
-36
32
153
-1519
-293
-1789
81
-744
-657
-2866
-2465
-899
-40
-790
5
75
-225
-32
-1169
-1197
-2041
-8058
72
337
-2280
128
-3957
696
-271
1084
-105
898
-1037
2169
-739
146
259
-125
-408
223
-50
646
-2450
-258
-2912
19
987
32
84
-1413
-1419
-879
-2473
-1328
-1170
-1167
-1044
-966
-223
-71
931
1392
1576
748
-208
-259
-1199
0
273
-7203
-8289
221
1927
-2382
-1113
-1630
-1779
-2978
633
-179
1930
2216
-904
-4357
248
-298
796
-1176
-223
-10447
-748
-1249
-4476
-2777
-862
-2967
-4497
-320
-307
-177
-1636
2574
103
-3272
-3054
-1008
-312
-268
781
-13562
475
-643
-3686
699
-507
-2109
2301
-10031
-3023
233
-1252
-1330
-733
-1577
-1490
-5
636
-25
-1892
-3084
-3199
-303
-5139
-9772
4237
-294
-438
-1333
78
318
-4068
-441
192
27
945
-127
-26
-1420
91
-1254
-731
-7343
384
-268
-1344
-699
-12112
-4413
953
-405
-269
-270
-4087
-4209
-311
404
-1785
-1904
-1465
-706
-692
181
-12728
-247
-878
-160
-4162
-4052
-2525
237
-234
1299
-1938
1634
311
-2307
-1920
-1255
-2844
-817
-68
5
236
-2560
-9865
-2819
1092
-5213
-275
-571
-3431
-5655
-5038
-79
-324
317
-1605
-1718
-2678
-1390
60
-415
2
-1227
-3096
-6765
-7634
-10569
-155
-7483
-1714
-333
-283
-204
-337
-4094
-1557
-1700
2078
-1765
-545
-2113
-1456
2135
-141
-391
-240
336
324
-5377
-276
-1040
-9007
-10547
2790
61
-294
-782
2234
-2942
-6380
-446
-770
2791
29
-3528
-34
269
-4950
-186
-1125
-383
-8774
-3839
-3106
-2710
80
2690
-102
3186
-7627
105
-439
-506
239
-3076
-2525
1824
-1346
-941
-1640
-1000
-383
-787
-1553
-524
-2852
10
-3604
1302
-3412
-1518
-1227
-4945
-4069
1555
1597
1649
4777
-588
-1799
-804
-148
-384
-93
89
-1583
-1451
-838
-104
-115
1987
74
-4302
-2930
-2859
-2847
-1841
-144
-124
-115
-2329
2309
126
-2331
-823
-269
-942
807
-151
-1354
-3959
2088
-711
-1343
-3005
-210
-207
-189
-1124
38
-1131
-1598
-5973
-3559
8
-8855
-9158
-255
-5498
-3994
-5254
-8127
1023
1221
-19
-2613
-1803
666
-74
-130
-2879
-2961
-3061
-3125
-3603
-4017
-2518
1651
-42
-4421
-4042
-3521
-3453
-2975
926
-380
-620
-2966
-6537
-11610
-11390
-406
-66
-1445
-3686
-827
-2828
-4175
-537
-3067
3427
-529
-324
-932
-984
-2448
1805
-378
-289
-1205
-1811
-1740
-85
-1633
210
489
353
14
-6274
3931
3554
1061
982
-7925
-7245
-3068
-6
-219
-967
-10103
1128
-348
-1235
-297
-1642
-939
-15775
167
-84
-781
-818
-1021
-2082
-2336
484
-5965
-3124
-3668
-124
-6707
-7764
-230
-1586
251
-128
-5097
-12508
-14064
-6831
-4897
-5055
-5085
-916
-175
-1609
-2728
-565
-7282
-128
-503
-1502
-2206
861
163
446
-4214
-7002
-186
1027
-268
-1974
-1427
-519
-148
135
-1545
643
-943
131
-1762
-1
-9
-1739
-1187
-246
-243
-114
-8353
-540
145
-1851
-1345
-146
146
-5493
-269
-644
-651
-4351
-5530
-2206
-383
-869
-4779
-504
-341
1007
-213
-6119
-4113
-1146
-1772
-1822
-231
-1254
-2002
-753
83
-2662
41
-3958
-1101
-294
19
-10
-43
-1605
-5147
-138
1453
-6711
-5305
-1849
1578
1288
-2336
-4865
-93
-1767
-1817
-5625
1001
-2772
-354
-360
-3026
-272
-920
76
-178
-141
-4663
-3646
-3884
-3012
-3336
-3193
-197
-4946
110
413
-591
-5721
157
-735
-1808
-2369
-603
779
342
1879
1538
-597
-1280
550
5127
1622
-806
-504
-1937
-1733
-1159
-2954
-234
1216
-295
-536
520
1690
-3909
-859
1041
3
-1077
-112
-5622
-115
1064
-1002
-202
-1088
-81
-17427
378
-1090
-5708
-1762
-3226
-31251
-51
-23
-589
-3937
-8968
-9272
-206
-7833
-119
-612
343
-26270
-26626
-2544
2507
3683
-1262
-1159
-952
702
-129
-1314
-1386
-3960
-29
31
-14685
-3753
-3593
-1570
48
-2668
-160
-1380
-878
-1455
-1835
-1861
1421
938
341
1476
97
-92
-95
-541
-1482
-8662
-8879
-3705
53
-2091
-1665
-314
-1089
92
-1734
-4254
-925
184
-6596
-9030
-145
-8347
-957
-8387
737
1124
-3874
84
-5098
-42222
-677
-383
-6243
-2188
83
-4396
-1076
74
47
-849
-7604
299
-1189
-1130
-232
-60
-2511
-2219
-1675
-196
-1644
-1557
-1537
-8118
-7508
-1122
-521
-1615
-515
-2106
-2340
-3092
-4239
-4221
-14228
-13677
-1247
-2276
-2765
-5246
-5788
-5806
317
1181
-626
-1992
-863
-5414
876
-240
-4788
-4794
-6070
-3326
-152
-3430
368
2659
537
-106
-1912
147
-1357
797
-1662
-760
468
443
-3690
-155
-1475
-492
-522
-278
247
474
-585
-81
-282
-4127
-325
238
2864
-4384
261
147
-2006
-2707
2781
-636
-6660
-6792
-161
-976
-1274
-848
724
-3533
56
-1646
-1103
-1017
-991
-2880
-7011
-450
-2992
-338
1581
-1922
-5462
440
136
-1142
174
4096
-241
4
-4378
-3320
567
-891
-1996
-2537
-877
52
-530
-3545
257
-5228
3201
-1972
-251
-1074
-133
-16045
-4898
-3249
-174
-3316
-2665
-2654
1166
-351
-7702
-7570
-5409
928
235
-476
-1086
-1528
-617
-3413
-584
-106
-361
-1278
-3419
-8582
-2604
-465
-2815
-3238
-2848
-2593
-823
-267
-116
-1114
-159
-761
132
1031
-2594
-7591
-870
-5325
-1320
-2841
-553
-2319
-484
-374
-340
72
-177
-10004
-1516
-1825
-10971
-11296
-2693
15
-31
-454
364
-2644
-2425
651
-1496
-3940
-58
-3336
-2010
-2372
-6003
497
-5572
80
-2462
-1163
780
-1392
-1442
-3120
-280
-133
-1255
-2277
-2154
33
-8842
-26
-304
-978
-1054
-5926
-5859
-1609
-1348
-5824
-5420
-4230
-45
545
-6610
-5797
-1328
-160
-3823
-2224
-5316
152
-651
-2217
-2753
-2122
-443
-1320
-535
-1051
-658
-646
-1229
1476
-114
-3016
-11530
-364
-3039
-1754
1476
1442
-1670
-2156
-4518
-469
-961
-895
-5958
-13865
-3327
-793
-644
-122
-1069
111
-2194
-448
105
-658
-3749
-4795
-4803
-206
-969
-287
-3524
-287
-492
-1461
-1928
-773
-2699
-1213
1445
-10456
-633
-513
-363
-1769
-1274
-14039
-2457
-974
1824
-424
-3558
-1275
-6976
-3696
-219
980
-1690
-2241
-527
-363
-3789
770
-80
92
-1750
-2376
-230
-1568
412
364
-3634
-4500
-4663
-2532
-1090
787
-1319
-740
-479
-344
-3315
-5169
-273
-72
143
-1345
1192
-3594
-6132
-3863
183
-2485
-481
-4376
350
275
-1825
-3106
-419
-434
-888
-515
-342
79
-3228
24
-1193
-317
524
558
-113
1970
-7066
-834
-2880
-1868
-5621
536
-6531
-566
-6985
31
-11309
-11106
-7721
-573
-8017
-2710
229
-588
-1676
-2670
-443
-722
-4064
-1661
-800
549
525
-2645
