-80
-15
1547
-3285
-95
-426
-478
-529
-438
-3391
-3245
-3408
-3053
-6472
-42
-160
-678
-942
-4881
-2650
-2156
-9789
-8816
-1422
867
1771
-1037
-611
-23
-907
-4844
-20829
-4913
-3657
-636
-6071
-6118
-29
-189
-2474
-3393
546
-2233
1210
-3121
-9774
-7305
-3493
-194
-155
-714
-1322
-1325
-2520
-175
-179
791
-246
-3368
-102
4413
-11851
-2374
-1663
-1654
-263
-1010
-17048
-6136
-5642
-26
-148
-728
-2299
-30
-1590
-176
-8363
332
-318
1203
-123
-135
-217
-34
879
-512
2672
-6507
-2430
-1847
-1831
97
-7568
-7779
-10986
-11251
-6445
-2376
-2469
-294
-201
-154
-6811
-3039
1083
1275
-887
1763
-387
-4211
-4243
40
-443
-374
-119
1331
3
-530
-159
-343
-825
-1132
-948
-167
-355
-366
-3839
-3224
-1934
161
-3116
-958
-901
-198
-456
-171
1215
-307
-1412
-125
-3687
829
2187
2029
2024
1186
-505
-551
3417
-92
-650
-14729
-1189
-1278
294
-1429
-7915
-9907
-4587
-277
-3018
5
-4364
-1047
-357
-1333
-2839
-4072
-240
-32
-96
-122
-1621
-1042
-1927
-757
-1063
-1395
1757
-3508
1530
-2903
-128
-7688
-1278
-1442
-3716
201
-3348
1133
1405
1483
-263
-528
-660
1191
2130
-4815
-1603
-1659
-1776
-1886
1762
1682
-3829
683
-784
899
120
-255
-569
956
-967
-1351
-2403
-2435
-2627
-86
-102
-2793
-95
-962
-840
-552
-5541
-1053
140
1864
1629
903
-170
-1923
-2424
-2924
-126
-1973
-2262
-429
-7529
-6906
-2566
-4859
-5878
-6392
-3410
-800
-1432
-1150
20
-218
-25
-784
-2842
-125
-30
-1734
512
-1937
-6071
-2313
-2057
-3456
-2873
-181
-7921
-3187
-1631
-398
-9510
-8718
-8135
-117
-1275
-284
1566
-400
-4995
-5079
-3030
-700
-324
-16394
-14566
-14551
-2521
992
921
-3444
-485
-844
-365
-207
-790
2748
2709
2597
2412
-1129
-407
-449
-171
218
-2879
-2946
-56
996
-205
-76
-3035
-382
-3030
16
-287
-2221
-969
1899
1593
-33729
-4861
-578
-3604
-751
-19475
-4008
-714
-2820
286
-14
129
-86
-2977
-1972
2808
-1918
-2935
-4870
-2047
-5890
-5905
-281
-583
-6436
-4291
-1730
-1696
-1502
4
-2832
-7707
-1835
-741
-278
301
333
-87
-522
-430
-240
-30
69
1422
1176
67
-387
1026
1342
-4799
-517
-1610
-441
53
-94
-1059
-1110
-4539
-3686
-3655
71
-187
-153
-166
3373
-1381
-5577
4260
-52
-173
-1493
-838
-2145
-730
-875
-5422
-2248
117
-730
-2937
-680
416
-2282
-2589
-4642
-1198
1093
-2158
-10607
-6313
-4841
-318
1929
1915
-638
-585
-1096
-908
235
-12022
-11990
-1352
50
-4451
-82
-1807
-2357
-13780
-14622
-1130
-127
100
-350
-6377
-5901
-10663
375
-28
-1030
-1134
-1705
-1826
-319
-298
1263
-99
-4676
-5473
-2466
283
2243
-318
-5643
-5410
-368
-586
-77
-6220
-238
-635
-1314
-8266
912
-15
-175
-5862
-3311
67
-2173
-70
-3971
-1956
-2614
-153
-67
-55
-3943
-4776
2112
-951
-991
-4135
-7726
-6969
-2009
-123
-2791
-2771
-30
-2727
-2724
-2352
-1960
-1912
-370
-1040
-3114
-351
-26
176
399
-6036
-5896
-812
-595
350
-228
-209
-906
-407
-3801
-367
-523
-466
-185
-4779
-4971
-911
-1221
-6254
-6246
-4004
-2259
-1546
-1624
-4006
2623
-2225
-4076
-2355
-3002
-816
-2166
-3223
-1777
-8775
-5914
-3611
-1252
478
-1814
-1703
-2454
-524
-1068
-13912
-42
-1969
-4361
-3464
-2387
-657
-3693
-11736
-4852
-927
-1799
-387
-4336
-1432
-1165
-2414
-682
-1089
2030
-918
-668
-428
-2690
-1820
2153
-397
-2958
-382
-313
-268
-2008
-512
-635
-7310
-7345
-343
-1298
-3494
401
-525
-662
-3395
-3380
-4657
-851
-958
-990
-95
-4332
-66
-190
-4099
-1448
-4706
-8728
-9594
-13345
-7761
-393
-38
1056
460
-1797
-220
-151
-201
-88
-1407
-1717
-2437
-3550
5241
13841
-656
-3949
-869
-1015
-1598
-1600
-92
-3846
-190
-143
-791
-51
-359
-319
12
-2556
-3885
-2028
-542
-986
-2741
-4245
-3996
-112
-2574
-762
-158
-146
-4276
189
179
-593
-1934
-1285
-585
-1108
-1259
-2357
-972
-151
-1324
-990
-2202
363
-197
-211
-3351
-1190
-84
-1686
2024
485
-793
-4320
-1232
-1328
-197
-157
511
-2787
-190
-4300
-765
-2537
-1586
-226
249
-3021
764
-2058
-6098
-2335
-1807
2507
-1136
-7871
-1290
3124
-2097
-200
-894
-584
-1608
-30
-6
-823
-2223
-2134
-84
-3219
307
1870
-2692
6069
3228
-3
-1250
-5039
-279
-5774
-5713
-5673
-29
-130
-718
-2362
898
-23695
-6324
-3084
-1256
-242
1674
-307
-1312
-1834
-1403
-90
-184
-7443
1085
3200
429
-1671
-12008
-448
-107
-1584
-2030
-17922
-6115
622
-4044
-11055
1195
-4169
-544
-363
-5025
-59
-909
-299
-842
-3842
-364
-6235
718
-4857
4515
3342
3328
-1014
-1011
1983
-273
1674
-2576
-876
-9965
1534
-4198
-128
-57
35
-40
-1628
-526
-1165
62
-1254
-1314
-1441
-1380
-877
-159
-180
-1130
-1003
-2253
-33163
-838
-72
-11899
-3683
914
-6370
794
-927
-1563
-103
-302
-112
-1361
-1370
1083
-6574
-12960
-126
407
-827
-856
-1380
-2055
2830
-2741
-483
-6095
-7061
-7256
-5648
-8182
-2733
-3439
-6123
-2217
-1693
-2117
-3723
-6333
-16
-639
-913
-6067
153
1051
-6945
-660
-930
-310
-11864
-11884
-568
-553
-142
-2472
-458
-257
2437
-3777
-7
78
-1190
-4103
-3721
-794
-304
-667
-3261
-1040
578
-3585
-577
-12010
-13250
-760
2713
-22923
-17279
-17218
-8611
-3932
-5719
-5720
-28
-694
-657
-2720
-26
586
625
-611
-1675
1071
-141
-2272
-3158
-1870
-458
-566
-4522
-736
-1672
-137
-125
-853
-5734
-1188
-1496
-300
-1685
19
-2624
-1226
-2863
-956
-375
-1794
-379
-878
-976
-3538
-1120
-1155
143
-1038
-1257
-4810
-2730
-931
-1606
-1780
-1706
-1435
-994
-812
-276
-3977
-7070
-3931
-161
-3905
-2159
-3532
-3567
-9778
1970
-72
-1936
-471
-4625
-1805
-772
-1709
-2639
-172
-1623
-702
-3077
954
380
704
-4632
-5880
-548
801
-25854
-285
-2141
-1293
-3368
-610
-648
2472
-9391
-8905
-4589
92
-271
-202
-1731
-79
-102
-27
-852
1
-3251
-3293
-135
74
-6217
-2607
-435
-1487
-211
-573
-1423
-722
-216
-759
-4753
-495
-4785
-531
-2243
-2902
-33
-5293
-5268
-2409
-404
947
-293
-16572
-16580
-678
-173
-4076
-6319
-8391
-2724
-122
-367
-1017
-16257
1590
791
-208
-4220
-4292
-4342
-426
-114
-6958
-7072
1622
-14
1890
2255
-1042
-2298
-2395
-1634
-7339
-649
-4624
-2949
-1216
-457
-846
-289
-10299
2298
-6225
-3282
-3302
-3847
-4165
-3587
-3131
-1246
-2031
-1020
-26
-203
-164
2091
-1135
-338
-55
-1179
-682
-274
-116
-888
-405
-388
-5342
-5285
274
-1913
-460
-1125
1006
1401
-1871
-2020
-30
900
-239
141
273
-851
-616
-1159
-245
-1064
-1703
-4390
-269
-280
-82
-2252
-978
735
13
-5140
-4963
-2843
-5796
-1589
-527
-170
-2908
-1381
-2112
-157
-2485
-23456
-47
-285
-951
-153
-40
-1955
-664
-514
1490
-11178
-10626
-9475
-812
-1752
-1029
2943
-3182
21
-4574
1
-574
-337
1272
297
732
-96
3517
-263
-260
-28
-202
-87
-314
-5801
-23545
-9817
-438
-1969
-530
-8810
468
-3073
-128
-1677
-1015
-1576
162
-5532
-5908
-5927
-6343
-10374
-1099
-6927
-10
-1926
17
-1031
-1286
-1237
-1975
-337
-9137
-5248
-1905
1836
-4092
-4459
-29
-4111
-3465
-1517
-156
-159
-5969
-3512
-3144
-121
-1754
-1070
1922
-550
-9950
-1349
-2735
-851
-2591
-118
-905
-4685
9
-58
-1991
36
2406
2924
-1758
-445
-7196
-2313
-113
1869
-10549
-10059
-695
716
-1278
-509
-6217
-2511
-2564
505
-4711
-9121
-10656
-5949
-2602
-238
-669
-3186
-4888
-5757
-758
-699
103
-2111
-200
-1909
381
-4310
-2306
-4925
-1690
-1549
6
1070
-1860
-3641
-7628
2110
1094
-431
-1358
-1764
-1777
-4490
-4726
83
-1820
-1274
332
-1829
-5475
-827
-17064
2199
1165
26
-4047
-11612
610
959
-622
-897
-118
-505
-440
-1414
-4355
-1164
1245
-1986
-2985
-3144
-121
-2829
-415
1500
-7061
-311
1999
2007
868
-4440
-7855
-575
-4836
-5123
-1173
-271
-3311
-978
-181
-2147
-2953
-1754
-107
1310
1785
2230
-242
-1366
-138
-279
-359
1460
1103
-1130
-592
-2133
-4824
749
412
1599
-1648
-2940
-719
2586
267
-173
-280
-4007
-1127
277
-665
-8008
-1585
-3624
-163
-773
16
-1488
-1027
-29
-432
-98
-181
-350
-91
1057
-1810
-2864
-165
-149
-1806
-1525
-7908
-165
-2326
257
-400
481
-734
-893
-643
-175
-1048
-2145
-414
-2105
-986
-26
-363
-3290
-10702
-10680
-6563
-1337
-1293
676
-365
-3598
-1856
-519
-26
-2346
-2457
-362
-2061
-2474
-1994
-1497
257
-2192
-2198
-2417
-5273
-7488
-926
-1032
-73
1246
-125
-1859
-2990
-800
-2501
-2478
1674
1651
-4602
-860
-1173
-556
44
-588
-1141
-190
-8480
-2688
-960
-1698
-726
-258
373
332
329
582
-4286
-1389
-114
-1893
-1221
-2321
-1787
-808
1005
-1265
-1385
-785
-102
-3921
-47
-714
-5638
-5759
-558
-409
-564
61
614
-37
95
82
453
-379
141
238
187
-545
-470
1940
-634
-1467
-2973
-2728
-6764
-4196
122
-1802
-251
1238
-555
-1241
-2080
-4076
-879
-1177
-1752
1655
-3790
-3511
-2544
523
2
727
1065
168
-1930
-1370
-9
-2681
-1560
-1430
-3
-1750
559
-405
-619
-827
-838
-581
-310
876
-93
-528
933
918
195
-41
-238
-488
22
-494
-68
-2747
-3220
-3241
-36
-674
-135
-1502
514
60
-1151
-752
-2053
-13
-3177
-4045
-4206
-60
-30
1170
-158
-976
-997
-1496
-456
906
-1098
-301
-277
-18
-969
-2794
-390
-746
1670
-343
-493
-33
2349
841
-894
19
80
-902
-336
-356
-191
1039
-2565
-35
-32
1375
2355
-5297
-141
-773
0
-2168
-1605
-1409
-2393
-2366
52
959
-866
-3485
-599
-853
384
-1459
-206
-2567
-5681
-6056
-3512
-1577
-2595
-1414
634
1334
-33
-1000
-1732
-259
-713
2441
-249
-179
-134
-35
-1213
-1603
-1357
1
1125
-1344
-1474
956
-5893
-130
911
604
-96
-542
-465
1660
-1237
9999
-1341
5086
-1319
-2220
-1860
-486
398
-88
-424
-30
137
-27
-2579
-562
-1050
-30
-3113
-4737
-399
-150
28
-3464
111
-1470
-507
-26
-1695
-141
-637
-680
-5935
-468
-1436
703
-4902
-3762
-13440
-958
-412
2478
-3202
-9173
-12100
-2122
-400
-27
-82
1549
-1475
-3890
-3221
-69
-2821
-970
-72
-479
-8623
-9438
76
-123
-854
-279
74
-143
-103
-13741
-6514
-6883
-10967
-225
-3844
-225
-4454
-4409
-16537
-20533
-33735
-4175
-4545
-4606
-5542
-8411
-1258
-4640
-4712
-6482
-1778
-872
-295
-1566
-3867
-1875
-3625
-2883
-99
590
-1422
-4866
-607
-25
-1727
-835
-889
-164
-213
-87
144
2158
-86
-1540
-269
-3603
-944
-1138
37
-55
-214
-249
-990
-169
-166
-157
859
-103
-7271
-1439
-26
562
-377
-343
-4379
-9466
-919
96
744
-3313
-4661
-4724
-257
-160
-3420
-28
-147
1187
-71
-113
-16053
-15304
-1159
3449
2747
1727
-93
-1576
1163
-293
37
-260
613
-2291
-2945
-887
-5200
-7673
-7690
-3481
885
-468
-51
-2436
-122
-56
-1038
-22
-1256
-2961
-7680
1356
-779
-5599
-7122
-6641
-1588
-340
-2211
-2176
-2004
-1906
-2670
-604
596
-3077
853
-1403
-2409
-3372
-15
-5834
-2308
-3530
-5593
-5620
2
-34
-449
-2277
-1865
-733
-505
-9076
-2104
-324
-1138
-6135
-3971
-213
-406
-3077
-3
293
-1885
-524
-2007
-994
-330
-7908
-357
-1850
-1428
-905
355
-9040
-3167
-621
-464
-2277
-2375
-2883
-563
15
-3211
-7245
-12309
-6537
-1565
-229
-4733
-171
-10388
-1653
-306
-131
-716
-497
-24
-1068
-1018
-2048
-1105
1528
-3914
-225
1573
-9909
-95
-453
-1649
-289
-21250
-738
-31
-10212
-337
-122
-184
-91
-947
-790
-664
-1791
-91
-319
-32
-3178
-81
-1274
-2013
-423
-27
1399
-996
-1739
-1558
-16128
-824
-1534
-5699
-2433
-4644
-6278
-8714
-10713
-10874
-2245
-1093
-539
214
-283
-974
-250
-803
-2181
180
-3519
-3671
-193
-607
-2466
-11802
-506
-5799
-171
-266
-259
-1170
-3155
-176
-551
-1084
-575
-68
-3123
-1646
-117
-131
-104
-696
-70
1107
-269
-71
-4949
-4720
-2746
-2032
1007
-2323
-2510
-4255
-3219
-592
-3442
-112
60
-3356
-1825
-113
-1373
340
-1047
-5343
-493
-10329
-4445
-174
-356
-1218
-226
-695
-4462
888
745
-11664
-11887
-148
-330
-7071
-4897
-474
-149
-12446
-11599
-7926
-4461
-622
-2458
-3988
-170
-5268
-5190
-113
8
690
-3998
-783
-1185
-210
-1831
-3
1594
-1771
-2990
-245
-2153
-548
1060
-628
-563
-13354
-1131
-3088
744
-2387
-2873
763
66
437
-4241
-4319
-1661
-1468
-7567
-1692
-795
-398
-349
-1188
-3799
-150
-32
-4087
863
-914
-273
-1481
-3409
-2620
-5425
-575
-3668
3019
290
-185
-30
-479
1209
315
-1317
-2562
-537
-23
-736
-290
-8613
1134
-117
755
-1018
-8387
800
803
2247
-12
-1523
-1376
-471
588
-5534
-5451
14
2277
-866
-1009
-2249
-19708
-9646
-2100
-29
-2890
-985
1564
1324
5295
-2464
-2209
380
-158
-1154
-813
-143
-385
-5427
-5773
-6863
-6930
-26
-180
-5595
-4497
-3837
-2563
-955
948
30
-6744
-5397
-2571
-3124
-1235
-66
339
1844
1148
-3384
-284
-158
-1256
-627
872
-3494
-5441
-159
-820
-1974
-236
-31
-3
-421
-4660
-6991
-6874
-2700
-5238
-5119
-4986
-3283
-3055
-3586
-3759
-4602
1514
2328
65
-11081
-11153
-5859
-3331
-274
-6166
3069
-642
-169
-4217
-3883
-565
-47
-4828
73
2276
-2397
-7976
-9874
-9575
-235
-383
-1013
-1210
-262
-5014
-14378
-760
-4884
-27
-3060
-3487
-212
1218
-1972
-1071
-1046
-468
-4414
-4359
-100
-3954
-2074
-2058
-4087
-432
-224
-342
1321
-41
1648
-3628
-1200
5797
-166
-1488
80
-4699
-43
-1864
-3178
-802
-1179
-784
8
-1638
-3289
-3310
-247
-888
-983
-670
1337
-846
-265
-1506
-2309
-1793
-240
-930
-27
-369
-339
-180
-1114
-2364
117
-754
-320
-383
-26
961
-381
-5869
346
-1244
-310
-1194
-945
-352
-2703
-4896
-95
-6113
-2541
-191
-257
-1212
-315
-7
-5993
43
-3317
-3468
-1007
746
-1002
-405
-2486
74
-3149
-369
-5750
1202
-874
-1175
-207
-230
-1233
-654
-410
562
-6741
-1490
-27
-913
-936
-401
-429
-635
-665
-724
-1677
-2291
-3836
-6711
-2053
-2202
-1611
-1120
-195
0
-3244
-4035
-65
48
-2295
-3291
-617
-3546
-1226
182
79
-678
-2010
-1861
2149
-2689
-6108
-3045
1992
-859
-1458
-1854
-2552
87
-719
-3095
-1953
1121
-2932
-1644
-973
-2190
-201
-1936
-1958
-349
-4838
230
-1881
1227
3624
124
871
-1524
-2518
-1239
-1640
-2753
-1706
-856
-4994
-4979
-4850
-7659
-1972
-1981
361
-29
-1177
-7
7
-3953
-4483
-2677
-3124
-2125
-1313
-1210
719
-6207
-156
-260
-978
-334
-895
-179
-189
535
-1847
-429
-498
-1668
1421
-935
-7
-1753
-1739
-546
-346
-174
-3199
-2687
-565
-910
-4309
-4827
-4936
-6903
-784
-2909
-13513
-2582
-4032
-4260
-5023
-3002
-3103
-247
-82
-888
-1516
-59
-4537
-92
-7293
-1893
2461
986
-184
-1702
2456
2043
-1257
-5336
57
-620
-2845
2065
607
2000
-842
-2063
-589
-3532
-629
-538
-201
-183
-792
-836
-6614
-49
-383
-258
-5197
-1864
-1720
-2684
-2181
-452
-870
-540
-3244
-1859
599
-91
-2404
-2566
-2656
-3855
-1613
-6896
-170
4
-4784
62
-1287
-3305
-183
-305
-252
-882
-3050
-3172
223
1471
-39
-162
-3114
-265
2148
-816
-400
-1767
-502
-1900
-2836
-2761
-427
111
226
-2148
-293
-3667
-3001
-1051
-704
-1146
620
-319
-11833
-12138
6
-244
-4328
-6079
-779
-678
-731
-511
-559
-630
-668
-661
-400
-119
-1527
-7
-1242
-2247
-1430
-251
806
-2769
-11445
-302
-4624
797
-7027
-3042
-3006
-2488
-2231
-2143
-4417
-2389
-70
-39
-55
23
871
-319
-538
1926
-547
-563
-738
-2792
-9956
-2191
-2095
760
-735
-1635
53
-2179
309
-1269
-2390
-677
-1868
-2261
29
-1624
-778
-293
1104
-2165
561
-402
-1526
-1332
-1362
-3151
-182
-2718
-2088
-162
-349
755
696
-556
-114
-187
-567
-1180
-1192
-282
-89
-453
-1309
-3331
-703
-27
-1985
-1301
-1269
-3553
-3681
670
-386
-245
-412
-2639
-384
-202
-30
1670
-242
-2218
-4680
-4420
-5367
1229
-260
-1511
-7841
-13177
-253
-3361
-1411
-1351
-2352
-3166
-125
-717
-882
-1177
-114
-2674
-2474
-3270
-8666
-8856
-14
-6464
-4144
-4441
-225
-177
-9133
-9594
-12071
-666
-5281
-4578
-4654
-3421
-953
-2202
-106
-2773
-3595
-3643
-5226
-6386
-9160
-9098
-7163
-3527
-714
-146
-3544
-4457
-134
73
-1352
-530
-699
-6974
-6850
-834
-1774
-1097
46
-2431
-41
2
-3265
-1540
-1334
-1194
-1780
-1317
-1372
-66
-18063
-1025
-1254
-1479
121
-2124
-1427
-2751
-1168
450
-6570
-497
-3119
-1951
1411
-5173
-5304
-731
-796
1555
-29
-3416
-4221
-984
-5650
-28
-2871
-242
-5376
-328
1018
-1184
-334
-495
-4929
1178
1191
-478
-486
632
-8
-984
-3243
-4814
-8663
-88
-1848
-27
-3916
-3692
-5080
-5128
-659
-10346
-172
-2733
-1254
-913
-675
-645
467
-1478
-3867
963
54
-4901
-34
-466
-6036
-454
295
4839
4998
-525
-2894
-3050
-2781
-2307
-4046
-559
2373
-115
-1847
-2667
-4883
-901
-3182
-3113
-610
-1633
-1
-152
-1194
-1041
-2657
-3237
-1791
-272
-136
-1239
-1622
-1491
-24
-1765
-20746
672
-2436
-265
-4570
-558
-10
-11966
-11487
-8752
-28
-3844
-782
-694
189
411
-779
-1819
-1165
-265
-10479
-7287
887
363
-1296
-1273
-731
-818
-290
-6888
-4318
-2986
-5760
-33
-216
-939
-63
-848
-71
-599
19
-2653
-843
-273
-37
-3798
-1669
-544
714
932
645
-446
-1944
-5986
-445
-236
-701
-2888
-269
-317
-135
-337
-1504
-1644
-1876
-2627
872
-5419
-317
-2488
-2761
-965
-1417
-1416
-1237
-3228
-3188
-1335
-1565
-5970
-190
-3495
-1592
-12
-2179
-2349
-1594
-420
-1174
1465
-1076
577
-5618
-5603
605
1624
-4122
-2662
-1935
-7195
-7801
-8536
-8435
-6785
-5958
-1254
-876
-2330
-396
-230
-97
-33
-2008
-2505
-1692
-253
2
-4007
-4144
-3986
-1372
-225
-1710
-1233
8
-3136
-2535
-386
-1565
-2890
-2943
-341
-5994
-8082
-1281
-1379
-382
-502
-420
1449
-938
-10070
-10006
-9990
-8812
-3030
-5274
-4724
-4335
-306
-110
-336
-357
-313
-268
2442
3143
-302
695
-6005
-5028
-462
-74
-192
-167
-636
-2209
-10
-1439
-87
-330
-4067
-5037
-4956
-1907
-1232
-465
-276
-30
-221
-718
-3186
-2479
-2509
-1127
-219
1262
-1053
-3878
-1550
-1493
-23
-31
-2018
-325
30
-331
-1473
-868
-1437
-1152
-1029
-87
-991
-24
-183
-4767
-1594
362
-489
-222
683
-315
954
-661
-399
-271
-35
-229
-430
1883
-975
137
-1742
-1419
-1396
-1471
-301
2829
-957
-631
-4302
-1173
-286
-288
-91
-1990
-135
-138
-151
-172
-1535
-3365
635
147
-33
-69
-112
-3011
-3659
-4857
-4740
-76
236
-2729
-1176
621
-2047
-650
-731
1976
1031
-240
-26
-5056
-131
-1781
-533
-88
134
-1976
-958
-706
-1162
-624
-696
-2494
-113
-1222
-1050
-830
-4363
-500
-68
761
-9771
-2252
-464
-121
-1089
-553
-3071
-109
-1868
-73
-958
-3479
-994
-2596
-28
-769
-1330
-2431
-625
1236
-546
4255
2341
1025
1496
30
-1153
-280
-3368
-1410
151
-3825
-7850
1852
-821
11
-3877
-274
161
-917
1178
-1235
-3104
-699
-2137
-69
-1552
-7775
-4239
-3643
-3170
-2943
1338
1397
-189
-870
-861
-303
-25
-950
-1838
-159
-4615
-7237
-37
-3910
-2006
-338
-2617
-322
-900
-297
-266
-1337
-159
-262
-2319
-2968
-3387
-2199
-558
-2333
-1967
-5945
-3662
-2517
-2188
-29
-8652
-255
-471
-3285
-2354
1
-2231
-614
-764
-765
-2303
-2401
-1507
-4212
-4113
-9434
-4905
-4902
-788
-332
-1301
-203
908
-151
-694
-312
1226
-965
-574
2333
-560
-743
-3474
-5349
-5833
-8610
-1347
-1513
-680
-471
-1315
-1312
104
-125
-423
-30
-767
-429
-1427
-978
-779
-7778
-11626
-345
-1995
159
-915
-7132
-10925
-6908
2626
-4204
-128
-1204
1054
479
-5
-84
2401
-303
-2262
-37126
-6495
-91
607
-68
2
-176
-6109
-3434
-2132
-66
-5197
-10823
-19432
-3579
529
-8070
-2153
-482
791
-4915
-3781
-225
804
-1850
-1310
-223
2112
-6048
-10722
-348
-4373
-10524
-907
-1339
-212
20
-2336
-4190
969
-1346
-5808
-10255
-11573
-11729
-11739
-17252
-20818
-9077
-1980
-410
-164
-1344
-371
2450
-1561
-1896
543
-4230
-1288
-1140
1344
-953
614
-2458
-60
-265
-228
437
-9820
-5300
-4774
-1439
-630
-4114
-379
-6928
-30
144
899
-100
-742
-653
-2446
-1547
-1532
1077
-1625
34
-3068
1512
-2944
-8100
-10100
-10356
-11645
-12964
-5020
-4445
-205
-164
1240
6104
-2327
5729
-281
-3065
-3068
-1864
-102
100
72
1190
-644
-504
-2135
47
1243
-7649
368
-23
-397
-153
-1433
-967
-1808
1432
-415
-4081
-2738
-1272
-1735
-70
-141
-83
-2199
-214
-7181
-6385
-386
-3439
459
-1716
-4061
-9337
-2690
-2195
-2848
-1282
-834
1580
-367
-411
-2017
-1980
37
-26
3936
-2111
-516
-2554
-1689
-1142
419
1034
-1607
-1462
-545
-778
-1083
-2133
-601
-1239
1469
-999
-59
-627
-171
-976
1575
-13635
-13065
-138
-10691
-10459
-515
-199
212
-645
-1163
208
-489
-109
-654
-147
-4787
-579
-2867
-1077
-401
-24
-1056
-1059
235
-93
-194
-329
-1580
-6520
-1909
-966
-579
-1331
-1900
-941
-639
-30
-455
-636
-378
-2414
-2185
1
-206
-248
-1939
218
-255
191
-4282
-206
-1451
-2321
-490
-434
-259
-805
-927
-930
-2410
-1881
-1354
-3080
-222
-3312
-101
-155
-759
-1208
-797
-75
-539
-220
-78
-520
-1041
27
725
404
-473
-140
-1958
691
-6647
5419
-12011
-12083
68
-1236
-315
-6378
78
-794
-7677
-1988
-24
-1599
-835
-212
-125
-306
109
-1290
-484
-1972
-3054
-3476
-2720
-5871
-98
-2197
-5058
-2341
-1997
-679
-28
-89
-2665
-988
-1991
-4118
-2297
-2217
1040
-476
-60
-777
-18623
-534
-1641
-914
-3961
-3178
-156
1479
-516
-7497
-506
-750
-930
-1754
-663
1426
566
-327
-369
-1582
-1552
-1832
-586
-717
1642
2301
137
-1680
2014
-48
-3442
-355
-89
-1387
-6717
-6000
-3894
-395
-482
-1181
-2482
-3427
-3415
-1444
-656
-1776
-1449
-1686
861
663
-963
-1362
3048
968
-8231
-942
-1241
679
559
738
-270
-747
-1158
-108
1678
-1787
-538
-27
-1013
-1176
-1551
-1869
300
-5637
-5589
-45
-1131
211
-6095
-1235
-1942
-143
-1770
-605
-469
-311
-2593
-232
-256
-421
-464
-788
-1746
-7159
-5359
-5041
-1695
-2732
-1038
-1280
-760
-330
-299
820
-525
-432
-1376
53
-8119
-8075
-7431
-949
-589
-23
-278
-1091
71
-1463
-1150
239
-1929
-1160
436
-296
-265
-281
-58
-1475
-1689
-2073
-5010
-532
-2543
-417
-59
-1238
-1174
-814
-3547
-99
3155
-861
-205
-1681
-1110
-138
1049
-75
-260
-3260
2085
-48
-1507
-683
-1956
-91
-432
-2670
-253
-1891
-34
-9272
-9488
-1950
-2220
-1168
-116
-75
-4588
-4613
-81
-115
-286
-6592
-6640
1291
-3914
2
-3638
-2537
-1636
-398
-952
-1123
-1162
-1264
-340
-1176
-145
-208
-127
-2135
-1281
-32
-4620
876
-5434
-2075
-464
-6571
3153
3141
2916
-5334
-12955
-20890
-116
-4087
-150
-270
-1698
-1551
-205
1811
-4271
-2274
-30
-8107
-350
-436
-236
-412
-2422
-5804
-19
-181
-1342
2389
-348
-1205
-1442
-192
1262
-2388
-1826
-212
-4346
-321
-4048
1164
-1643
492
-466
-3998
-3284
-3043
-3666
-1180
-3295
-51
483
-2839
-2035
-743
-2070
-76
3026
-301
-5385
-10901
-178
-5548
-100
-959
-1157
1961
-1362
-412
-861
-2275
-12698
-1781
2
-2
1033
-49
1522
-370
-2989
-3285
-781
-1047
-1575
-2412
-6157
-143
-936
-1180
-270
1604
-204
-147
-927
-2971
-1472
-444
-1742
1568
-1685
-676
1200
-2411
-7369
-551
-437
-161
-2411
-1096
-1179
-1165
-2119
-3861
-1283
-1174
-4429
-814
-302
-30
-116
-1518
-992
-607
-3869
-3574
-1912
-217
-4277
-244
-1279
-2384
-1341
-95
1258
1900
-135
-1867
-3098
-5899
-7219
-5847
-756
-26
-1029
-4609
712
-1909
-300
-172
-3832
-1027
-1046
-367
-1083
-268
-1587
-6857
-151
-2678
-342
-3497
-2894
618
-113
435
1360
114
-666
158
-291
-1952
-1115
-289
-591
-434
-56
-2861
-4254
257
-1482
-10903
-856
-891
-75
-25291
-36161
-26673
-764
25
-948
-31
-151
-3157
-2703
-1790
-190
16
-672
-1591
-1295
-1013
-131
-443
-605
-12206
-13809
-153
36
-1514
-2716
49
57
-456
-772
-264
-1115
-2389
-1558
77
1390
-25
-1710
-1747
-936
205
-1123
-685
-3352
-5478
-2875
1713
577
-741
-1075
-3547
-2025
-1910
829
-4470
-1178
-7987
-11350
-2203
3484
-3387
-805
-160
-47
-2296
-1828
-2399
-2843
-3875
-5554
-430
-1712
743
-4789
-30
-698
-1368
-953
-5706
-5604
-5424
-5274
982
-467
-3547
-1411
-82
-4630
-2919
-2941
-649
-2098
-2122
-2257
-1780
-1666
-9
-2225
-8681
-4068
-27
-26
-1121
585
-1244
-30
-1011
-13
1625
249
-644
-1113
-1096
-4909
-1362
-3678
-1269
-388
-2599
-6580
-709
-1921
-383
-2447
-1796
-326
-114
-2844
-8058
1405
-96
-6544
-4413
-4257
-459
-13954
-1046
-1650
-1775
-1286
-8422
-157
-277
-6932
-11746
-238
-1453
-1185
437
2398
-8223
-489
1618
-2410
-213
-5931
-5454
-1389
-13411
-11401
-6771
-5015
-4310
-1652
-373
-1639
-250
-615
-135
-48
-2351
-2905
1054
392
2193
-6822
-7106
-8616
-5744
-87
-127
-370
-2961
-3808
-3456
-3408
-3988
-4078
-4175
937
-912
-890
-109
-648
201
-79
-5312
-4454
-1605
-3164
-3074
-2367
-913
-1256
-3566
-2785
888
-1526
-2896
-1288
-14722
-14578
-1315
-198
-85
53
-2464
868
-104
-35588
1030
-210
-318
-114
-7764
-2930
-4151
-2240
423
-775
-3950
-431
-2623
-7911
-8867
-30
-1198
-1917
-1920
-7368
-679
19
-2990
-2664
-24725
-11475
-31
-232
-468
-917
192
-589
-181
-254
2021
2018
1983
1318
-1212
-1120
2243
-10146
-5926
618
-374
55
-1246
-5158
-656
-165
-151
-11783
-11751
-246
1176
-44
-55
-2336
19
-301
1022
-228
-443
-3496
-3657
-1579
-906
530
-765
-3068
-4081
-5176
-7744
-3612
-156
2896
-2149
-1225
-1402
-265
-319
-202
-155
-587
-3627
-5027
-10950
-11094
-11503
-57
-177
-2575
-1103
-303
-682
159
-782
-1609
-7687
-7045
-6656
-2170
-3425
-3532
-1355
-4516
-6037
-4913
-2321
-580
-8072
3
-4111
-4060
-3837
-1106
-25
-869
-2098
-1939
-1027
-33
-1690
-8
-5440
-735
-248
-5678
-5625
-1391
-2806
-2245
-2140
-7232
-5905
-4454
-380
-326
-81
-219
-319
-1131
-29
46
753
-2888
-1865
-172
-5278
-317
-1538
-645
-795
437
-1000
920
-3138
-3208
-4212
-165
-2483
-2617
-1549
-493
551
-334
-273
-179
-983
-822
-2642
-646
-261
-1488
-2478
-362
-1383
-1594
-2589
-828
-396
-1061
-1716
-2620
2435
-1068
419
-3944
-2439
-132
-4409
-6001
-5775
-180
-140
-1534
-2817
-947
657
-10417
-10232
-10187
-845
-347
-1143
1342
-2921
-11681
-10337
-3338
-664
680
-3333
-480
-6502
-785
-1049
-2567
-239
1419
-2392
-2365
-2401
-2573
-1184
-4795
-1639
1054
-353
-391
-190
1496
-269
-233
-265
-376
-455
-2907
-5626
-487
-7875
451
-3919
-4064
-4086
-8307
-1610
-258
-413
3
-327
-1253
-37
-45
-3297
1422
-261
-2125
-89
-3318
-2335
-1206
-3215
-2521
-295
-596
51
977
428
-1701
-1780
-10
-330
-212
-9765
-5323
-4203
-2160
-1190
1044
-2531
2834
-95
-5601
-27
-245
-4120
-3752
-7190
-7282
-5872
-5569
-432
-154
-1132
-146
-407
-1030
1387
-1099
-1871
-158
-1238
-49
-124
-1210
-2214
-922
-3
-1010
-164
-2357
-5273
-3666
-1482
-442
-1107
-1089
-3777
156
76
-2755
-2312
-2968
-149
-5855
-1779
-494
-3656
-1939
-389
-623
-278
-1834
-1895
-451
-178
-1420
-646
-5794
-5136
-3530
38
-307
-168
-359
-740
-1702
-1509
-66
2531
-5896
-2979
-241
-600
40
-4576
-6757
-5411
-4795
-6759
-13200
-13185
-12964
706
-1854
-100
-3077
-934
-247
-1428
-360
-2272
-984
-1393
55
-104
-1024
-280
-141
-880
-43
-4393
-2958
-8352
-5284
-1646
-5874
-30
-351
-8174
-2725
-1090
-744
-766
-501
-5254
-2824
-585
-7916
-3665
538
-3560
-3853
-373
-436
1333
-2690
-3033
2067
-225
-2720
-11890
-56
929
-3182
994
-2688
-3744
-1883
-482
-10025
-10373
-92
-1926
-2276
-7704
-1250
-1463
-149
-7641
-7988
-13615
825
-1795
-1210
-1875
-3739
-1081
-718
-7168
-7415
-1122
-2967
4069
-30
-119
-876
-476
345
-812
-474
-558
521
-994
133
-25
-56
-957
-985
-1097
-1098
-1064
-519
808
-1511
-73
-130
1
142
-6299
-5809
1979
-2051
95
-6693
-7244
-5056
-3085
-2300
-29
-833
-3148
-7037
-244
-65
-1281
-648
-4099
-4893
837
-294
-404
-338
-1378
-6399
-666
-1857
-4808
-4489
-23213
-4201
-164
698
-2009
-152
-926
-2327
1121
-1541
352
-167
-4218
-41
-8533
-2919
-200
-1307
953
-281
-69
-540
-885
-6424
-6530
-10483
-3046
-3201
-2014
-3901
-1324
-4261
-59
-579
-9
-2966
1274
244
-951
-1155
-2505
-2600
-177
-599
-1382
1630
1582
206
-1172
1691
-2415
-1240
-473
-346
-5940
-492
-139
-74
-506
1123
-3697
-916
-10226
-9339
170
-2789
-1877
1015
932
-27
-26
-2007
-4275
-6279
-3215
-434
-103
12
-272
-5510
-52
-1551
-553
-1010
-1297
-932
-832
-147
-775
-1769
-1263
804
-28
-8037
-947
-2255
-74
-685
737
-745
98
-961
-3289
-520
-1774
-908
-360
-529
18
156
-451
-2252
1640
-6011
-3191
-5683
-1291
-1978
-635
-1039
-343
-3637
-2883
50
543
-3322
-3703
-4686
-760
-77
-628
-142
-1729
-445
-999
-1312
-1355
-45
-9545
-9898
-628
-2064
940
-494
-2434
-2597
-3560
-11589
-1420
-4518
-5896
-745
-3852
-133
60
-713
-716
-766
-1176
-1734
-2988
-3049
-4961
-7700
-626
-1542
-294
-4730
-5030
-1707
-1319
-3450
23
36
-48
-31
-5103
-3519
-10893
-138
1241
1339
-7305
-5909
-829
-123
-1350
-2383
-110
-2939
-2996
-8731
-6579
-17967
-18368
-4619
-1319
-1165
-196
-727
-113
-546
-1975
-2140
-2552
-4320
-550
1080
640
-1160
-2404
-1772
513
-2460
-2278
-828
1407
-5792
-629
-11
-360
-1716
-2159
-310
-1862
-763
-1270
-8621
-24
-1631
-1053
-546
-459
-981
-207
-6350
-7393
-9913
-12806
-13096
-32
-5117
-5056
-48
-2999
-148
-477
-1022
-1100
-807
-686
-773
-1184
-995
1758
-2331
-81
-139
-4810
-3563
-9564
-4428
-6538
-1318
-1433
-135
-28
-291
-2328
-3428
-3431
-3482
1
-3578
1417
-1668
-5962
-2269
-3684
-3510
-267
-1444
-24
1892
-7
144
-1940
949
-102
-1974
-305
-384
-747
-1216
-2221
-912
-897
-2956
-9577
-1111
-3629
-51
-813
-4709
-92
-246
-171
-226
-313
-25
-442
461
-570
-313
-249
-236
-1687
1189
-20
-121
-1079
-6612
-3061
-2962
-126
-376
-125
-23264
-3645
-3110
-91
-188
-8414
-138
-3780
1
-1628
-1517
-1762
-1001
-208
-6081
-13159
-1654
-412
-251
-7169
-2591
-2105
-433
-2740
-489
92
-105
-1482
-22759
-440
-737
-202
120
1847
-6161
-4406
-107
-364
-3480
-28
-181
-1581
-1834
-1387
-148
-161
-245
-4975
1728
-1396
-2303
-2141
-1680
-2310
-2302
-28
-1158
937
-6
-267
346
-3924
-1930
-443
-604
-112
-8204
-167
-114
-1252
-2893
-11237
-2545
-2474
312
-1448
-3308
-3376
-456
-5065
70
-64
-93
-1162
-844
-2413
-6745
-1827
-418
-8902
-423
-521
-125
-4632
-42
-225
-300
-1783
-588
-128
-1296
-3714
424
-264
-72
-8508
-330
1542
-1146
-38
1397
-2703
1125
-2203
-177
33
-3426
-77
-86
-398
-1056
-2677
-654
1085
-454
-5480
-173
-2914
2682
-1643
-3974
-3833
1441
2066
1452
1445
-12824
-4104
-3216
-3062
-2756
-2496
-2441
-2330
-2020
-648
-1559
-212
1622
-1375
-673
-1118
-11086
-12453
-2101
-4375
-2082
-515
-3092
-3089
-2426
-175
-695
-799
1129
-1220
-13233
-346
-1363
-4269
-6733
-3991
1066
-720
-1793
-46
-338
-2455
-4938
-15852
-8153
-7778
-4698
-5594
-330
-29
-288
-1776
-827
-8324
-9406
-9901
-3709
-316
-1332
-929
-4152
-3389
-3377
-1317
3
-2640
-3908
-3843
-3754
-2259
-3022
1009
-2133
-1227
-3487
-2683
-57
2
-2223
-3591
1749
-60
-181
-326
-624
-577
-1223
-6082
947
-4432
-1712
-1638
-911
-3450
-413
430
-2250
328
1008
-164
-1092
-1938
-3125
-3195
-9599
-5362
-10164
-3315
-4843
-1345
-326
-369
-2365
-3253
-5394
2227
-37
-175
-707
-1489
-330
-647
-2629
1652
-1563
3061
-2313
-226
1562
-569
-271
-3446
1333
1381
-2286
-190
-5022
-1710
-147
-432
1163
-1375
-57
-1103
-623
-953
-2122
-139
-644
-2568
-1456
1130
-1571
2101
765
-1066
-4194
-1554
-1743
-1895
-3416
-1903
-1802
-246
69
-4103
-6246
-81
-11704
-727
-2508
-3133
-1484
-1611
3020
-2268
-2676
-5653
-2622
-718
-2454
514
-29
-59
-6
-1243
-343
6380
-63
-459
-3350
1254
-2961
-3747
-934
-2891
-311
-98
-2219
-122
-1635
21
-149
-1900
-1392
-14426
-74
-3719
-284
-49
-304
-4016
-1348
-16601
-628
-231
-483
-1228
-1613
4570
4701
101
-1373
-3805
-2848
1919
1934
-2090
-3187
-1821
-1868
-6184
-6306
-24
-62
-306
-1337
-1910
-1553
-1144
-1304
-630
-9648
-7309
4007
5804
780
-999
-1002
138
425
-17253
-771
-210
8
-27
1626
-1271
-3025
-2700
691
-4499
-4069
-1263
-2856
-5876
-155
-731
-167
-1184
-3340
-1349
-3094
-3276
336
-598
-296
-722
1
-947
-3007
-5548
-2785
-4999
245
-8768
-124
-2545
-5151
-1629
-6381
-6700
-7146
-97
1
-171
-551
399
-594
-5484
-4488
-6675
-6551
1275
-2109
-4013
-265
-778
90
-2416
-266
-702
-1131
-1006
-1354
-1768
-4199
-4230
-687
-1160
-2113
-907
-619
-2343
-6611
-28
-870
-162
-325
-704
1402
-3278
-880
-1135
-1544
-1945
-4356
-1386
-110
-538
-3440
-354
-1141
-1028
-738
2537
-794
235
292
405
130
-3406
-1312
8
-1906
-308
87
-1868
-5712
-8764
-3574
-2228
-1997
-12250
1519
-300
-877
-1212
-1746
-2553
2018
-1287
-1238
-1565
-849
-1285
-5165
-4372
829
-3082
-853
-98
-960
-1681
-1310
7
-1578
-178
-27
-2139
-859
225
-1052
3263
-731
-31
-930
-5928
-209
-966
-1373
-1843
-4573
-2343
-469
-1984
-3446
-269
-599
-644
-2169
-48
-2181
1120
-637
-28
-2746
-2527
-28
1003
-6271
-1243
-204
453
13
1397
-61
-158
-3083
-831
2611
-296
-3319
-4765
-6211
-7103
-8848
-772
-1041
-647
-866
-2987
-2022
-8851
-14677
-14759
-2881
-6279
-1075
-32
-724
-721
-212
-2842
-7613
-3492
-1866
-142
288
-133
-273
-4015
-2882
826
-4220
44
-3163
-307
-4817
-1439
-3205
-3255
-3261
-3600
-3272
-771
-521
-476
-497
-207
4134
-313
-982
-490
-88
-208
1897
-29
-123
-434
-1145
-937
-1820
-6841
-875
1835
-582
-624
12
-747
-280
-5023
-199
-308
-309
-1981
-2786
-3032
-2648
-3223
758
375
-7322
13
-148
-794
-305
-891
-1056
36
-1630
-1891
-21
-168
-529
-275
-3490
-495
-524
-5859
-3194
-8520
-8548
-1435
-20398
-9604
-4730
-5463
-6602
-441
-293
1767
4
-6426
-6285
-3651
-2313
-2264
-1735
-1708
-461
1063
-2486
-7973
-2044
22
616
701
-465
-3478
-1662
-1162
1377
547
-27
-267
126
-6448
-696
-288
-951
-51
-4023
-4925
-9551
-9528
-9066
-560
-823
-1091
-3561
-1140
-2227
