-11305
830
-4789
-1380
-2037
-2528
-15425
1063
-1155
-12686
-9837
-16174
-9193
-6223
-15077
-3088
-1719
3897
-1563
-2655
-1010
1018
792
-566
-725
-4227
-163
-1580
-8444
-1785
-2503
-383
-630
1195
-1611
-1557
-3672
4465
-1033
-2025
-3466
-879
-2901
-2014
-265
-658
-823
3890
-2081
-2084
-2364
-3106
-3363
-276
-631
1153
808
-3318
-5330
-1056
-14410
-4706
-3353
-692
-6551
-3966
-434
-359
183
-3915
4959
-1917
-15919
-2857
-4980
-617
2166
2402
-92
-1831
-5098
-442
-9120
-750
1092
-5442
-21759
-430
-2976
-8096
2165
-1962
-50244
-4345
-3894
-2120
-2351
-7366
3215
-5487
-7741
-231
53
-15193
-19289
-19572
-83
-20802
-896
-22542
-14189
-565
-876
-3543
1745
-1440
-892
-9470
-2616
-33725
-14401
-9940
-7488
1332
-1047
-415
-10024
-9755
-11152
-14265
-15240
-34852
-1079
-15122
-20240
-15653
-35509
-1919
-2109
-28148
-21986
-648
-2406
-1375
-385
-259
-3812
-8106
-6577
-1633
-8914
-2038
-2068
-2602
541
1460
302
-1099
1122
-12572
-6659
1327
-5928
-4788
-5820
-17879
4257
1137
2877
1294
-5886
-2242
-3793
-168
-239
-522
-3907
-1015
-276
-1564
200
-1545
-4281
2215
-1872
-1584
-597
-3454
-2757
574
-561
-3085
-2020
-7477
-6200
-9432
1517
3149
-2211
-202
-1439
-2217
-3089
1527
-653
-279
877
-6945
-6271
166
-2782
-1894
658
-235
-620
-10557
-3993
-13354
-7044
-1405
-1793
-39
-3806
-769
-2529
-17331
3098
-1609
-27463
-277
-2106
-13164
-22169
-89
1020
-1607
-104
-2053
-7349
-12859
-3005
-890
-10700
-2217
-2675
-3134
2925
-2102
-1758
1097
-1946
133
-3667
-1185
-5884
664
7026
-5116
-6060
-3414
-6082
530
840
-3047
-3728
-3236
-9315
-9145
-1502
-10469
-536
-14815
-17099
1832
-716
-174
-1394
-1664
-2633
-553
-3250
-282
-27244
-1300
-4163
-1164
-5100
-4513
-12646
809
2992
-7198
-80
-4984
-16636
-3188
-37391
-469
-5324
-2446
-746
-1547
-3954
-11025
-5020
303
-8725
-2184
1032
-691
-7638
-2385
-8874
-429
-2498
-2656
-1045
1166
-1863
-4612
-435
-4587
2750
-107
-2376
-6661
-42002
-13208
-1390
-5059
-1010
4839
-3241
-1779
-19217
-9110
-2479
-4802
-2940
-8200
-4361
913
1183
-13162
-14093
-510
-389
-5176
-1763
-112
587
319
-110
-3522
-1148
810
-128
846
-634
-11145
-2351
-1275
-4896
-592
-1782
-1535
1449
-2861
894
-1959
-1949
628
2818
-940
-271
-3058
-700
1756
-2535
4444
-211
-839
-8819
-246
-3443
-12646
-26
-5001
-8206
-2085
-664
4788
-2455
-697
-1886
-1288
2009
-18389
-11004
4375
-1456
-1777
-6562
-1735
-895
2843
-6052
1941
-4869
-4042
-1594
-166
-2402
-150
665
-2872
-3924
-1071
-2754
-3238
-7187
-3004
-904
-375
-3089
-5806
1559
-2726
-9622
-8260
-5113
-2152
-1890
-1247
-1687
-5419
-796
-22300
-1297
-7409
-163
-848
1897
-1347
-8741
-766
-6156
1198
-626
427
1649
-738
1696
-644
-9049
-252
18
-4253
-14218
3765
1100
-2785
-1316
-15045
-14497
-11699
845
-2013
-750
-20229
-25
-681
-5207
-2325
-6190
2242
-5536
-4408
-1105
-4173
-1394
163
-1320
1813
2670
-494
-3293
-987
2056
-1443
1569
6733
-1562
-233
515
4061
6597
3080
-2821
889
581
-2635
-3164
-617
-6589
-2103
-8141
664
-4417
1651
-784
-956
-986
432
1389
-5391
-1773
-2090
1247
-3880
-647
-2158
-764
-1820
-1853
-1190
122
879
1324
-5295
-4965
203
-2782
-6581
-2976
2852
1299
45
-698
-796
-1785
-1969
-6396
-429
-2669
-2071
-1080
-1097
-122
-1089
-8122
136
-579
-29069
-12114
-513
1228
-4656
-1788
-6118
1802
-546
-5145
-1719
-3886
-9482
-7313
-9900
-478
709
1527
-2916
4054
-3746
-793
-609
-669
-7641
1082
-5415
-7787
-980
-7868
-4010
-1870
1765
433
-1814
-1503
-1961
-2647
-1170
-464
-1459
-201
-536
-2189
-10127
-653
-2453
768
1221
-3800
1229
-12849
6235
-1570
-768
776
-7372
-4798
-1878
-564
-5447
520
-2776
-171
-1787
-2570
5914
-669
-2840
-1482
605
-290
-2006
-383
-1412
-387
1628
-1071
4062
-7406
-604
-720
2821
1105
-1036
-862
-673
767
-1119
-541
-3248
1224
-598
-587
-4553
-140
-4568
-7996
-644
2915
-627
-5004
-2121
2327
-1000
-117
-445
384
-5069
681
10
-4957
-760
-10751
943
-1031
1652
-951
-1591
-852
661
-3764
-733
3796
-664
-427
-4940
-1688
-4470
-1779
-3728
-2939
-7564
-1577
-300
-2453
-15241
1813
-7028
-3276
-6899
-11290
-4062
-393
-2365
-7856
-1204
1512
2022
-1381
-5069
-235
-22217
-14080
916
-17186
-6909
-1527
-391
-22758
-1754
-3154
-1287
1706
-260
259
-311
-3230
-854
-2511
-1877
890
-1234
-2974
-857
-1100
-1427
1167
4712
5451
-2186
-10448
36
1571
-1240
-1029
-2990
1873
-3214
1580
-2293
-3417
-2360
2069
-704
2056
-7337
-7568
-6859
-373
-1839
-7593
-9296
-1171
-7997
1042
-3882
-763
1652
1778
-303
776
-2417
824
-2364
-229
-1831
-994
1288
1263
-3352
-1260
2540
2965
-5535
-3768
-1725
-283
2100
-1677
-423
-40
-29651
-9330
-43179
-591
-8876
-35504
-1235
-139
-2382
1628
-19696
-34274
-43949
-3498
-783
-1646
-3197
-3523
-4525
-346
-5952
-9072
314
-4568
-1463
-1107
280
-4450
-1432
-5067
-1642
-3153
-3260
-5318
-9378
-3401
-14805
-12697
-7275
-3034
32
-36
1505
-2360
-982
-1200
-10437
1535
-1180
-397
-4049
-3740
-639
-1319
1545
1060
-1150
-164
1465
-2962
-2528
1141
-670
-391
113
-2436
-1328
-535
-327
-3030
-28644
-4966
-3665
3370
-6309
-649
624
-3589
-12153
2058
-1347
-3258
4764
-433
-1992
-3047
-4711
-2778
-3520
-6041
-520
-221
-3421
-1587
-4329
3814
-532
-990
-410
-99
-3314
901
1529
-731
-1373
3237
-2869
1526
-8683
-174
-1768
-1035
-2079
5183
2129
-21088
-4798
-1425
-1568
-1914
-1715
-414
795
-3710
-18017
-7537
818
-626
-10442
-693
-12561
-26374
-47383
-39964
-22384
-11628
-19737
-29308
-10731
4044
-27465
-58965
-3210
-993
-872
-3310
-39430
-39526
-558
-4606
-1282
-879
-38236
-56451
-29260
-12352
-1066
1385
-3055
-7227
-3249
515
-981
-8633
-8144
-5970
-9291
-749
-378
2237
-989
-7832
784
858
-24543
-4635
-3293
-11620
-8511
-266
-506
-2434
1646
-2385
-4011
-6919
-2337
-5118
4339
-5440
974
-500
-10663
-8871
-4715
-2013
-2434
-453
489
-879
-1939
-825
876
-2486
-23
-3198
-3435
-4818
-604
1506
-541
1568
-716
-720
777
-2595
-5142
-3672
-875
-1049
-4271
-99
1093
-334
618
834
920
1108
-116
-724
1635
-3708
-956
-1996
1592
1945
-1189
-3688
-8214
-12708
-39576
-37016
-796
-5765
-31
-3063
-1166
609
-777
-10827
2045
-4869
-7538
-1228
-4317
-8419
-17897
-6653
-632
-3497
-1423
-5386
-3796
-4175
-52
-6141
-180
-2499
-2312
-3578
-5632
-1381
-2938
-6290
3168
-6584
-4608
-59857
-50658
-365
-1559
-5758
-446
1868
-113
-34332
-33556
-5768
457
-7759
1237
-3830
-2273
-1823
-4975
-1603
-443
-3743
-3291
-1493
-3218
-4150
-16980
-9750
-2451
-6215
-3079
-1195
-5209
-1925
-337
-3426
-9820
2289
-2917
-2822
-770
-322
-11065
-9290
-4851
-2343
-1593
-10141
-19039
-1819
-950
-690
4519
-1688
1247
-4226
-145
-14859
-4482
3636
-5041
-6324
-1004
-368
-9731
-2891
1323
-9040
-511
-438
-715
3229
478
-1015
-1310
-3035
-6264
-1342
-1876
-1310
1535
-143
-3480
517
-14140
-1583
-11623
-50
-2883
548
-6347
-572
-1010
1735
-2420
-4037
-6099
-827
1623
-1616
-7755
-1336
-399
-744
1501
-46
-271
-1938
-1335
-1342
-2446
-572
-2567
4628
5375
1142
-1443
-1121
1087
-755
-1156
-395
-4450
-1482
3198
-6652
-208
-158
-5290
-6837
-1158
-2439
-1925
-185
-1232
-177
1894
-11615
-12419
-513
1783
-5586
-2199
545
-12325
4124
1349
775
-3769
-936
-37562
-307
1915
-2513
-11601
-975
-114
-7027
-3456
-8449
-9104
-8317
-4986
-3433
-8317
-2488
-13532
-583
-5169
-4337
-1937
-8972
3675
-1013
3081
395
-7295
-8222
-1264
627
-768
1017
-4185
-4444
-1385
2329
-2536
-1431
-2679
-3232
-1653
-347
724
766
-4207
-374
-3683
-3649
1473
-457
-289
1703
-1402
-8708
1322
-1161
-2117
2070
7299
-238
-3653
-4667
-6855
2121
-597
-614
3275
1347
-3861
-6993
-6469
-980
-1858
-5907
-4202
-2184
497
-1295
-2310
-29
-339
-1719
-5088
2291
-335
-214
1433
178
-1450
-388
-34660
2332
-1691
1804
759
1323
1201
-4135
-5689
-1701
105
-1714
-1434
-5305
-685
116
-3329
-1710
-2967
1996
456
-1662
-7436
247
-1810
-3053
-9431
-3228
-1648
-7237
-2681
-8740
-2168
-16947
-1046
-3659
-11078
-1028
-13133
2452
-3693
-10440
-8253
1007
-31961
-42354
-15159
-18121
-7094
-18365
-18537
-3025
-1316
-4887
-5636
-2138
-3389
-4301
-788
2816
-374
-12912
-10776
-4739
-6268
-4215
-762
-5433
-2086
-2586
2303
-5901
-1471
-10582
-31573
-724
-1985
-1079
-915
-1213
-1300
-4186
-1915
-1504
843
-323
-2572
-1892
-2359
-4301
-2540
-4509
-2065
629
-8198
-794
-10137
-11862
-13213
-240
-118
30
-3189
-854
-6526
-158
4897
1162
-1859
-29075
-3137
1145
863
-897
-14511
-63
-1538
-322
-2043
-2302
-573
-5310
-10226
-10959
-634
3144
1296
-33
-1741
-9344
-6755
799
2901
2622
71
-2267
-2332
49
-6156
-1740
-3013
-1876
-254
-17330
952
932
872
-2000
-57747
-7434
-11657
1297
-31755
-30224
-2639
-856
-4867
-4017
-16217
380
-7306
-11016
-411
-114
-2353
-3285
-6050
-6122
-5277
-11261
-5064
-5630
-1468
-310
-2773
-14249
471
215
9867
-2149
-1028
-6376
-1818
1403
-41
1311
2159
1034
-905
-3300
-2136
-3198
-3993
-3968
-6999
-607
-1444
-418
-16951
-1636
-4054
-3105
-2259
-165
-28
-1880
-3031
-2
-4008
-2128
-1321
-134
-4479
-869
-992
-3067
-7672
-5254
-11711
-7151
-7277
-690
-3191
-2642
909
1432
3365
-246
-3218
-2360
496
620
1603
-3757
-913
-2972
-120
836
328
-373
-2416
-551
1927
-494
-1750
-1246
2468
-569
-788
-1586
2053
2415
-789
-196
2416
-514
-1607
-3056
1402
-2638
-1124
1182
-2409
-3078
-21781
-63397
-71673
-3070
6323
-35682
-981
-809
2115
-3075
143
-556
-2755
-2089
-2304
-11123
-532
-3138
-8987
-98
-11545
-21405
-6219
-12077
-14653
-2005
-1258
-4394
1465
-6958
-4391
-1080
-3837
-19100
-356
2673
-12537
-1579
-2419
-12261
-26674
-2682
-2394
-4848
-9156
-365
-1684
-826
-4647
-33800
-942
-4642
-3146
-5155
1201
723
-1372
