2439
-7547
-1733
-229
-1090
-4065
-2234
842
216
-803
1144
-9070
1898
-1372
-171
-7240
191
241
-428
691
2419
-1538
-12323
-4901
-11735
-954
-8744
-4999
-3631
271
2336
180
-537
-7328
1205
-6561
-4159
-1898
-9561
1845
6792
-5123
-522
-1910
41
-1153
-2509
-5534
-2471
-1102
-1840
-116
-26
-92
-59
-3869
4628
792
-290
-1300
1664
-5433
-1220
1999
-3100
-1815
-4197
-6441
267
-1739
-7297
-286
-526
678
-73
-489
-4654
198
-3769
-2546
-1703
-6292
-133
667
-1223
102
-1735
-12091
-776
-1025
-22155
-12481
-534
-1466
-316
-1939
-204
-144
-16049
-2469
-141
-11851
-7221
-5438
-2733
-3124
491
2699
-3148
186
-1352
-11344
-355
-752
998
-1888
1185
-2001
-1499
-59539
-31909
-23091
-371
-28195
-29889
298
7333
34
-367
-1082
-5836
-25658
-6705
-2191
2250
-2985
-2965
-26158
-23451
-11408
-9843
-10631
-5236
1662
-195
-8130
290
-221
-7393
-1253
-4669
-201
-899
1091
18
146
-2523
-1028
-2668
-509
3042
-1381
1888
-792
-10789
-6240
-5318
-614
-4031
1590
-398
-153
2524
-9626
1030
-3454
1167
2052
-2967
2059
-11410
-32
-214
-161
-12699
717
1555
-284
-9997
-611
40
-792
-10078
1786
-278
-5538
-1331
-29092
-585
-1220
-3586
-32
-11775
-1362
-580
520
207
-3822
-14
859
-4369
-1611
2
-1713
-313
-460
-690
-446
-1827
-404
-2859
-1001
-4634
-4502
-2879
4049
600
-4327
959
-9104
4223
-1226
-103
-10299
-1645
-1596
-861
-7719
-5684
-2074
-2998
-3687
-87
-266
-3205
-3805
7073
10121
-11263
-3131
-37548
-21617
-11884
-18085
-14824
-1713
-30600
-766
-3776
-12179
-4884
-431
-129
-6204
1638
-7914
-12878
-757
-166
1976
-12553
-1415
520
-1017
-333
2782
-758
-15187
1022
-495
-2194
-416
-1961
-5574
-530
-2740
-4127
1168
-229
-1502
-5905
-1406
318
816
-2958
-5038
-12553
186
839
-4608
1488
-4440
-2337
-4306
-11466
-250
-1419
-3252
-518
-488
369
-7512
1546
1311
-2484
-5564
143
-905
-2305
-3669
244
1353
-380
-1386
-798
-3156
-861
-562
-5304
-463
2153
-401
-6232
-9826
-7777
-7535
393
-16926
-9780
-252
-958
1118
-1118
-3851
-1151
2397
-6190
-4221
-410
2165
-834
-132
-563
56
2813
-2390
-26678
1765
-10768
-8091
-19190
-7468
-4323
-5848
-8926
-139
-1303
-18214
496
-1430
-1993
1634
-256
-4820
-4
-7256
-2078
-1133
-134
2074
1223
1881
241
-623
1941
1745
8665
-2065
-316
-1178
8222
-7500
-11406
5481
112
-2174
-1758
-3032
-1632
863
-5800
-1496
-3095
-2097
1817
2414
2350
-7948
4948
-183
4254
-1392
2173
-2039
953
-2239
-1316
-5338
-2554
-3812
-1167
1302
1220
3813
-2929
526
-517
339
153
1683
-2959
-168
-3787
-2048
-25879
-1211
-952
2371
-3074
617
385
-65
6118
660
2881
647
4
5309
-1329
-498
-178
-2668
503
-619
-932
-514
394
-2591
-9810
-5829
2970
-13458
310
-6506
-1229
479
1825
-33
2466
-2613
76
-10531
2689
-1709
-632
-569
2
-191
1047
-18743
-5572
711
-4472
-4469
2872
-1924
-1969
-547
-20
-24301
-566
3120
-11987
-862
-60
-1204
-4528
-250
-5788
-1783
-759
2414
-18765
-20778
-208
-2146
2248
-3075
659
2278
1460
-1093
-648
-1285
-7033
-5
-971
-277
311
3932
-1406
-1589
-954
1985
-921
-4897
-5035
-2987
540
-2825
-2841
-69
-177
-56
-3295
-325
-2920
-804
72
-6452
2403
-3295
-2337
-3696
-187
217
-1348
-1550
2458
-3198
-12483
-402
-1319
598
-473
-1266
-1323
-7287
2503
2464
1807
-960
-1355
-966
885
-1469
243
-5594
1096
-1776
-885
-2282
978
1788
-1171
843
-7790
-9418
2637
51
-3034
-1053
331
776
-2638
671
-590
18
-7201
-1291
-1371
6416
-1153
-60550
819
8081
1702
-327
-612
1295
-200
-6861
-1188
906
143
-23
493
-266
-400
-168
-6
-1174
-1806
-9160
-12599
-374
-5714
-25206
-1383
2267
813
-1292
825
4861
878
-2425
-2719
-459
-2705
-1717
-549
429
683
-320
2289
734
1624
3820
-7027
-3654
6429
-5742
-181
-1318
-1128
12
-681
-1
-8059
-2432
1334
1311
836
-368
-768
1821
260
1876
2665
-178
5326
4492
-3589
646
-6
-1817
-828
1207
-2773
-429
119
-2021
1208
-1186
1441
-132
-767
2265
-2580
614
-1832
1184
-2726
1817
-1323
772
755
252
-121
577
232
977
-1885
-1846
480
-5744
-668
1331
1183
-2427
-1011
-3430
-2859
-1608
-12784
-10331
-423
-1821
-28656
-6927
-3138
-420
-8067
-21758
2383
-5553
-17891
-432
-7460
-716
-237
-12471
-1824
-3581
-589
-1046
-20539
-1148
-532
-11172
-6655
-5428
-2887
-4920
-3472
-22280
-56676
-1213
-824
-10922
3720
-1141
-10954
-6695
-6313
-6357
-2219
-841
-7246
72
2201
5785
2866
-3896
436
-1790
-295
-1899
1105
-21253
-4991
3035
699
-952
-5281
-23541
2646
75
1314
-184
-9342
-256
-14137
-6937
-673
28
-190
1206
1143
-2369
-1861
-9205
-16497
-1015
-2350
-380
-523
108
3532
-2033
2156
897
2593
182
-4459
-7932
990
-71
-1200
1233
-2530
-8822
-3985
-893
-31466
2082
-1120
-2879
-859
-3612
-2944
289
1726
-4427
377
-143
2373
-3260
-2978
-6664
-1344
-1806
-10066
-11471
-5918
-1073
-775
-3268
1874
117
198
569
-1054
531
-11119
-1505
-6631
-12228
-6245
-1291
-1938
1486
-13415
-1172
-21000
-18218
156
-7800
3034
-652
-4184
-434
-5145
-5844
-3129
-16456
-44
-3045
-1505
-3204
-3392
-491
-10651
3501
-50
2949
-541
-7287
-2574
-865
-2319
-2239
-600
-871
-300
3949
1424
954
-8765
-395
1058
1639
1347
1950
1173
813
1211
-3119
-90
-9204
-6116
-5630
-1279
1217
1432
-1022
-18047
-81
2122
744
-40
176
-2720
-524
984
3
-1891
2970
-451
3631
-112
-10027
718
4038
786
-11608
-1543
4198
-183
-17877
-553
-18542
703
-583
-2317
-203
-2900
685
756
-43
2034
-2140
-13309
-1302
-1399
-6236
-2963
1576
-266
-264
-503
-2332
-32109
-1000
-365
-1344
1470
109
-588
-16224
2407
-4073
-639
-12782
-3170
-10602
-2556
-8884
143
-55
-21
-26301
-22285
-995
-409
251
-4855
6286
2452
-3235
-68
-3106
-1242
1996
-449
-3613
-5912
-2778
-648
-12119
-5199
1599
-4096
-17076
-12377
-2012
-28
-4504
138
8
-818
-1021
-4250
90
-11222
-26
-11519
1562
-1389
-19791
-7364
1445
-2239
-755
-606
-2192
-677
2942
-3489
-857
929
-3601
1916
-118
2011
-194
-3123
-3277
-161
-91
2141
1371
-2143
2074
-9006
-10552
3666
-583
675
1240
-670
3504
1522
-3213
-2572
-4285
1227
-227
-2448
1301
-1026
1481
-18
-53
1462
-6798
1135
879
-491
1285
229
-308
1137
-998
-365
505
1607
1016
-6883
-5243
-2199
-3967
4924
-799
-4017
-664
-282
2967
1531
-1855
-1884
-1675
-4047
-870
103
-2337
-4605
-1020
-2791
869
-4615
-3315
-129
-13998
-11501
934
2169
-13642
-1887
-3903
-167
-339
-3628
3175
-63795
-695
3507
-282
-935
-2168
-8245
-6952
-1633
23
-5715
-1224
-2407
-5622
-276
-210
-755
55
-20086
-7176
-2163
712
-244
-717
-773
910
-6749
-1119
5243
-1103
-2043
980
-4873
-7019
-114
-19871
3549
-2812
-4529
-1912
-9402
-8462
-1703
-1628
-176
1720
1767
-3158
-1091
-1637
-2959
1304
-1444
-1382
1270
-3098
-772
-5248
-7508
243
-1086
1376
432
905
-186
-709
-10509
-1874
-115
-438
3112
-2918
-571
2194
-183
1886
-3348
3028
-4992
-18742
-924
-552
-1419
3869
-1335
676
1824
-1316
-11760
-1096
-9024
-5642
835
-2601
-801
-384
-9306
-10324
-2477
1373
-3466
-720
-7355
-10595
3456
-3267
-3395
-844
-9612
-2734
-2457
-2932
-1569
-28429
-3894
-14407
-6693
498
-9976
-33821
1632
2652
-4808
2465
2572
-454
-16752
-1498
-489
1819
-3112
-8237
417
-7975
-19580
-13324
-22760
-4504
-8448
-1459
-1146
131
2216
-8226
-4778
-2162
-1116
-2264
-5148
-8780
-5054
-951
79
-4980
-4140
-9086
1794
-14942
-801
-1145
933
553
-598
2232
943
-24
3298
-40
-5941
-10495
410
-8063
716
-4482
-370
-11108
2097
1921
84
-1096
2217
116
-1466
2035
-1157
2395
-2220
857
-11106
3372
441
-8569
-508
-1558
1261
-1522
1680
-3245
-857
2258
-1970
-1049
-9346
-4820
-1956
-4524
-343
-9100
-889
-6850
-12250
-13088
306
-77869
-8431
-13113
-8650
-1928
-156
-3690
-2038
-4720
1940
-3877
-1759
90
-1255
-5034
-3429
-13051
-7918
-5050
212
1498
-662
-35016
-13605
-2740
-11805
-9645
-350
4295
-1357
-1091
-5726
1373
1826
-10435
-2781
-663
-2585
10
1203
2477
424
-51
-3160
-7372
1628
754
-2808
-4036
-549
-56
337
2510
-823
-21
-379
1648
-2402
-163
104
-1274
-2042
-3176
3818
3728
-2353
-1105
2266
-19
-82
-3025
2541
-1340
-368
155
-15634
-1148
-1171
-235
-991
-1037
-991
-14560
1292
-314
365
713
-802
2386
-623
-26566
-8696
-7835
-16441
-2920
-9284
-421
-2360
-8568
859
221
1355
-1037
-1175
-1609
-5252
3704
-12090
-8591
-2615
-937
-45679
-19164
-49581
-667
-298
721
-464
119
-2169
-18566
-8677
-26668
-7626
-9812
-12070
-11462
-794
-5987
316
-6118
-8802
2010
-508
-7614
-4678
