-164
-11048
-3555
-502
-3343
-1172
-1646
-10749
-3077
-12754
-84
-3085
-6051
-3418
-3513
-260
-19947
-589
-106
-777
-1047
-99
-5654
-1359
-2622
-1836
-75
-8662
816
2261
-2868
-36
-472
-271
-1027
-25
81
-8719
603
-3087
-3124
-354
-91
-2747
-748
-27
-1339
-128
-3010
-877
-6332
-770
-1495
-3953
154
-4
-3340
-3726
200
-94
-3927
-307
419
80
1596
-2916
-2355
-29
-7933
-10009
-431
279
-303
-41
-7458
-81
-1292
-572
-1723
-7020
-7929
-15698
-3482
-45
-9304
-5723
-2232
-6671
-215
-88
204
265
-3361
-11874
1862
1085
-1065
-478
-723
-1380
3
1691
-390
-1516
-2128
-180
153
-150
-458
-1990
2086
-1728
-10493
648
204
-7847
-294
-2244
-50
-2933
-113
-123
-8256
-409
-6352
-4658
-299
-256
-1968
-476
-602
-1941
-633
-1673
-1354
418
-3412
-2017
-1820
-730
-287
-56
-215
-2428
-759
-7144
-12104
-3319
-2513
-2436
-2765
-1906
-307
-312
-2031
454
-175
-2773
269
-3011
-554
-1956
-3087
-7774
-74
604
-2654
-900
395
1825
-1926
-7958
134
-1521
-1465
-251
25
-84
-297
-1229
-3322
-185
-97
-1228
-2672
-3167
-2284
-1150
1513
-1941
-5885
46
1067
-728
-74
-877
-571
-2393
1145
-2446
-802
-1805
1220
-215
-4631
-1522
-1860
483
-1857
-351
-9459
-7966
-492
3085
222
-2554
-912
-2413
1096
-3937
204
668
-524
-1599
-4786
-137
-6456
-287
528
-150
-319
493
-5128
941
-2440
-454
-12
-1663
-11839
-512
556
-18652
-1192
-11173
-327
-83
-225
-2962
-4388
-1693
-29
-569
-6330
-5821
-574
-1680
-820
-3913
-81
-608
-1974
-340
-544
-2194
-55
-266
-3285
-152
-90
-9164
-1950
-671
-8827
-111
-23111
-17911
-8285
-1238
1135
-1378
-2166
-7085
188
-449
-29
326
-2489
-5852
-234
-515
-788
-121
-503
-803
1234
-28
-2202
7
15
-16049
-2196
123
-3828
-4055
-4677
-1446
-10
-187
-627
-26
-1827
24
-2012
-3670
-16832
1336
-2584
-2652
-245
-9017
-3758
-1081
123
-3945
232
-2492
-42
-1032
1603
-1701
-1746
-401
-996
-26
6820
5132
-4949
28
-361
511
1404
121
-1899
-736
-93
-150
-28
-3784
-617
-4692
-97
-1287
-539
-35
-1947
-5616
-1149
-961
-1892
-1107
-2666
-1837
-28888
-64
-300
-3155
-16
-688
-1321
-228
89
-4032
-21
466
-137
-1815
-1269
938
-129
2123
1544
-5364
-6969
-4075
-5351
-2635
42
-2833
-12905
-3096
-7193
-9076
-667
355
-6198
-12638
-13298
-320
-5396
30
-4479
-8606
-737
-723
112
2618
-932
-157
-1477
-2940
-3531
-339
381
-1295
-140
705
-1997
-247
-306
-2501
-178
-984
-685
-512
-1139
-638
2689
1911
-5199
-671
-927
-194
-75
-360
-1914
-5280
-259
-1030
-111
-620
-1006
-253
0
-163
-461
32
-2576
-750
-713
-2394
357
-1306
-2252
-3038
-380
-390
-5572
58
-1481
-1097
-1234
-1435
-1454
-331
-236
-13
-256
-171
-186
-1447
-723
-878
-198
-1143
713
1422
-608
-10735
17
-1526
-22
36
-409
57
-4439
-171
1675
-1711
-4411
710
-998
-1638
-583
-2190
-1992
-578
61
-5414
-1491
-1561
-485
-589
-611
984
1688
-1587
-95
47
-2038
-516
-2089
-4298
-129
-3051
-4225
-28
1524
1588
-1936
-5031
-227
-323
2475
-437
-2670
-334
-8367
491
-1993
-1783
-573
-48
1093
-3069
-1309
-693
-2006
-4395
-1183
-317
-1552
-1529
-133
1439
-2966
-474
-3440
701
-1498
-14
-1923
-651
-2325
-5085
-5543
-100
-1643
-3765
-6669
-9302
-19
-3240
-735
-2906
-3918
-80
-1115
-5288
-13680
-12680
-25
-4630
-4611
-4563
-214
-5341
-27747
-6457
-2416
-3329
-531
-4679
-8108
-56
-24
125
-1461
-695
-2154
-919
0
-3403
-1636
-735
1584
-229
-2615
1235
-2631
-928
230
-549
-3039
-6384
-5484
-7089
-2666
-2241
-2886
-1165
1151
-234
-4001
101
-1895
1261
-4222
-3389
-38
-543
-1543
-497
25
-3362
-2573
-746
-303
-5717
-1037
-27
-3812
-2935
5
-1220
-101
-2327
-8726
-6446
-1261
-6545
-7232
-1363
2028
-334
-2449
-49
-424
-2552
-319
-6684
-2695
-1722
-422
-459
-187
-227
-1630
-1122
-145
-10367
-856
-431
-1903
-4627
-523
-2669
1392
-573
-3567
-2090
-910
-6
-28
-3425
-537
-158
-84
-11
-295
-62
-74
-136
-341
-3137
-170
-1766
-600
-96
909
-2680
5127
-480
-786
-492
-1904
343
-5010
-487
-726
-7020
-4299
-7325
-39205
-2388
-659
-971
-596
725
-2585
-1486
-2096
-3537
-2311
-214
-691
-140
-506
-7295
-2456
-2914
-391
-395
-2063
-901
-399
-28
-297
1975
-182
-659
-2498
-155
-9424
550
-7301
-769
-4120
-7491
-3613
-2878
-2258
-709
-223
2174
-56
-1324
-51
-516
-497
170
-2663
2060
-5471
676
-363
-4836
-1064
-2671
1673
-3258
-6720
-738
-197
-27
2305
-3059
-9832
-10191
-1342
-5605
-11539
-13591
-147
-7
-2283
-2220
-48
-2026
-312
-824
-701
-3080
-456
-180
-302
1493
-3721
-2406
-3000
1909
-834
-1038
5533
-35
-53
-809
-268
-1759
-3529
-3451
-2773
-626
-1542
-3403
-2607
1565
-761
-304
884
-1459
-333
-2517
-2209
-1209
-269
-876
-654
37
-30
-1526
-315
-230
1592
-1586
-719
-1015
-3242
-1816
369
-1831
-190
-5432
-3072
-197
-399
-160
-262
-385
-1177
-61
-964
-2047
-2323
-1258
453
-1960
-316
-1352
-1182
-1220
-44
-1851
-2592
18
-435
-1251
-123
-2216
-221
-402
-336
-196
-168
-3913
-11
-2929
-876
-2865
-146
-4891
6
-168
-235
1455
-4480
-451
-1218
-1216
-32
-344
-546
-2288
-2065
-389
-394
-1862
-3832
-4673
1576
-5746
-3146
-604
-2039
-4460
-6210
-3224
-27
-1581
-107
-373
-2071
-1195
-2085
-380
-3486
-16241
-18934
-4552
-613
989
1719
-505
-854
-1170
-310
-556
-590
-3583
-3875
-3065
-6657
-1835
985
-1793
-741
-172
-2662
-11661
-149
-2304
-2515
-872
6
387
1693
-3957
-1735
-384
-3940
-512
-2452
25
-1209
-327
-2342
-732
-1844
-1879
446
-2539
-3611
-406
-3275
-665
-4000
1143
-2366
-701
-894
-928
-2472
-204
-374
-223
-41
-263
-81
-932
162
-405
-460
-9187
-13247
-4944
-32
-1847
-259
252
-479
-7965
-11359
512
-130
-7066
-69
-28
-1401
-30
-216
-1253
-2077
-3142
-31
-28
-1135
-1437
-1012
-1685
-352
2116
-20058
-631
-1971
-2123
834
753
-2668
-199
-3621
-1969
-2033
-8251
-5548
-5147
-115
1133
-3394
-311
-491
-1754
-1279
-200
-537
-107
-3209
-632
-818
1820
-4569
-174
-1448
-682
-1422
-164
-4243
53
-902
-1105
3832
-545
-848
725
-1244
58
499
-11468
-1672
-143
-3339
-10412
-481
3374
-1044
-1708
-3139
-4208
-1863
2291
-2316
-2925
-1933
-1372
-686
-5266
-454
-2540
-182
-638
-2140
-2644
-477
-3524
-30
-1408
-1926
-121
-3041
-2979
-25
-4551
-1984
-3143
-625
420
-1102
-177
-2649
-611
-4827
-343
-3184
-1713
-1208
-1553
1453
2308
-353
2754
655
-1654
-3156
-2024
-5887
826
-2319
-1051
129
-9840
-2352
-170
-614
-1171
-3261
-3783
-2426
-161
-158
-100
-2267
-783
-531
-142
-107
-1625
-221
-64
141
-2432
96
-260
-1619
-274
-1272
-759
-4586
769
-249
154
-1945
-437
-926
-6176
-1924
-27
-130
-1484
1424
1277
2598
571
-443
-721
-2937
-2923
-2920
-31
-495
1588
2178
1393
-360
738
-4712
1231
-4663
-6050
-144
1481
-1388
-3953
-616
-2695
-619
-6567
-3988
-1143
1008
2123
-2141
-565
-7
-195
-1735
-1742
-2268
-908
-2444
-1140
-5
-330
-541
-430
-188
-3511
-957
-591
-86
-9291
-2463
77
-4018
-4267
-154
-108
1127
-97
-72
47
-5993
-314
-484
90
-10624
188
-6940
-3512
-3496
-4249
-2515
-10527
172
490
-5383
-11343
-4774
-4447
-1139
47
-377
-413
-2794
2351
-3040
594
-1226
-2578
-9257
-641
-6999
721
107
-1484
-4613
-8053
-16529
-5390
-1021
1749
-935
-381
-2640
-940
-8477
-31
-146
554
1427
-533
-3731
-1168
-6574
-1014
2358
2023
-2860
1962
-1109
-2466
-1677
40
-2593
-1341
773
-576
-8909
-5859
-124
-629
-1040
-1053
-261
-13547
-1602
771
-646
-1376
-1858
1242
1032
-216
-2826
179
370
3138
-1747
-998
-3141
-595
-562
-605
-2732
-3528
-2271
-869
-212
-2155
-2028
-347
698
-141
-974
-915
-662
-183
-11992
1290
-23054
-855
-2103
-2872
439
-5975
-529
-1225
390
-547
-987
-480
-18717
-2353
-6384
40
-811
-9163
-163
-577
-477
-36
780
-5621
-5315
-1232
-734
-3869
-3430
-419
-1917
-504
20
-12
-5326
-1416
-1155
-81
-1948
439
-284
-617
-5877
-829
-2731
-424
1075
-318
-7557
-1219
-399
-8071
733
-1144
592
-7945
-96
-586
-948
7
-360
640
-1365
-1399
-4025
492
-3763
47
-1478
-2579
176
-143
-121
-182
-3095
-3133
-9282
-4
-2472
-4010
-2641
-5992
-646
-1732
-2246
-149
-5804
-166
-390
1033
-27
-7793
-4718
-4301
-956
-399
-280
-4
-2489
1352
-1067
-463
61
-4635
-1363
-12976
-6342
-7261
62
4370
-380
-2411
-160
-284
-2190
1945
-2853
80
-459
-4557
-76
168
-615
-1038
-261
-412
464
-27
-2080
181
-335
-3345
-13
-1796
-3562
-691
45
-286
-340
-594
106
768
-104
593
-443
1200
-4527
-29
-193
-7463
-1576
-1238
-2688
-357
-1002
-27161
-333
-27
-2356
-730
-1423
-7710
-13655
-13726
175
-134
-156
-163
-565
651
211
-4996
-6802
1083
-194
-424
-1275
-1635
-1197
-1095
-88
-1247
-4448
-4042
-2135
-107
-4247
-2317
-3734
-2495
2482
995
-29
-5888
-4892
-1375
-2299
-8718
-1412
-3462
230
2500
2241
2184
1552
191
152
89
-1278
-495
-153
-1120
-1074
-41
-2924
-1597
-2642
-6654
-3385
-395
-27
-2113
-320
-89
-855
3820
1639
-1305
-153
-3966
-1149
-2896
-1501
-259
-666
-8081
-12361
-492
-951
-865
84
-1379
-3502
-2069
-1140
-2778
802
-41000
1663
-2442
-798
-118
1392
-3603
-2277
-4079
-6858
-375
-2525
-2852
1466
-592
-227
-11840
-249
-734
-33
49
-33
3554
-8455
1439
-3231
-7179
-2596
-131
-9783
-184
222
12
700
-4403
1646
-56
-3176
-2255
-1149
-3474
-444
-2135
-5944
899
-63
-1752
-3831
-3519
909
-103
-95
-29
-2515
-1096
-4290
-14098
-2588
-1970
-755
-1045
-4349
1760
-1310
-535
-1908
-507
-1485
-4122
709
-1390
-2623
-576
2965
-1838
-2859
2478
-3357
-296
-1802
-2405
-4631
-2989
-897
1964
-15815
-216
-292
1699
-108
-260
-1292
-369
1391
-3579
-1006
-1201
549
-1284
-673
-484
-2250
-9868
-9834
-7340
-1800
-1985
-34
-267
-3084
-6804
-1947
-40
-10
-233
184
-306
-249
-2163
-1302
-10809
-4119
-8429
-690
-726
1069
-2148
-388
-2001
-10021
-929
-362
95
-145
-3559
-6807
-6782
-5744
-136
-129
-113
-23
-1106
-283
-291
-5460
-4477
-96
-6233
-7616
-841
-4928
-1814
-1632
-2993
-1169
-5762
-13285
-12221
86
-7487
-1919
-2819
-1144
-411
-8142
-2528
-133
1622
5984
-1148
-91
-455
-37
-308
-1412
-1594
-276
-3494
-29
-2114
-4570
-4999
-38
-2344
-3430
-2877
-2819
-1973
-2797
-9778
-3094
-11007
-4
-1430
1369
-1045
-337
-4739
-2082
-3481
-31
-1429
-1532
-4276
-1223
-486
-225
-1177
16
-3141
-1946
-9392
1355
-1929
-4405
-841
-1189
-21
658
-6352
-112
-760
-3114
1147
-6441
706
-280
-5215
-925
-1317
1697
-6185
-2826
-903
-4566
-375
-1291
-4391
-1600
-539
-1469
-1432
-239
-887
-1260
-903
-4430
-132
-286
-3357
-4859
-4936
-991
-6325
-5850
-607
-67
-294
-399
2041
-3861
-1960
-1952
-402
-22
-74
-1864
-179
1144
-1406
-3597
-987
-1267
-414
-134
97
-1720
-11041
-4025
-2694
1184
-7900
-3613
-1963
-2140
-1870
-2144
-364
-279
-3777
-1959
-273
-1218
208
144
-7129
-1730
-26
-7508
-28
-1150
-1304
-3451
-268
-1454
-2163
-1975
-2804
-186
-205
-3474
-28
543
-20
-2065
-995
-1671
-82
-5646
-3557
-2167
-147
-2115
-387
1063
471
-28
-10230
-1534
-472
-1564
-5649
-3394
-112
2538
1236
-1391
-321
-39
1989
122
-3092
-852
-12409
-2717
-449
125
-10740
-201
-2087
-3675
-7730
-7743
-2061
-105
-342
-448
-73
-26
-2913
-1660
-1813
-457
-1318
-298
-2501
-342
787
-129
-153
670
-908
-367
46
-5989
399
-233
5
1131
-8476
-114
-854
-3467
-3103
-27
-385
-16884
-1276
-3916
-23
-995
938
-654
-123
-3603
-7457
-91
84
-545
-805
-4505
-80
-1110
-3590
-2228
1369
2392
-6189
-5339
-2344
714
-134
718
-2209
-21114
1532
361
-51
-5680
-805
310
-411
2655
-236
-1140
-525
-2533
-2539
-191
-5248
1636
258
-549
2333
-1412
-11789
-488
-1049
29
-6151
-1232
-316
-1876
3259
-2928
-2077
-811
-7803
-1840
-1850
-3483
-195
-201
-1318
-1345
-1101
-4704
-606
-515
-1474
-1873
-2398
-86
-1443
-903
-334
463
-898
-1302
-4384
-5630
445
-5830
4355
-1274
394
-1174
2433
-2002
-2061
-4048
-480
-3551
-75
-201
-5887
467
-220
-1156
-1937
-2816
-2413
-2658
-351
523
-1553
-2603
-3213
-3512
-2481
-3330
330
-1745
-557
1529
-963
1730
-9699
-609
-348
-91
-299
6
-9163
-452
-154
-4053
-2913
-4915
-457
3548
2
-302
-343
-151
-92
-2123
121
-1311
-1306
-6444
-3522
-6663
-8750
-157
-333
-2056
-7601
-33
1478
-1892
-176
-27
-376
-3022
-3196
-255
-1166
-1423
-313
-56
-1187
688
-442
-1047
-1699
1436
1543
-403
361
-417
509
50
-163
-3794
-2352
-72
156
-74
785
-111
-5265
-1356
736
-92
-13153
-3683
-3701
-10642
-159
-2282
-1089
-1322
-1839
