-13
-896
-982
-853
-20321
-960
2108
-1214
-2167
-3288
1743
-1736
-755
-2141
-2539
2596
-8180
-54
2355
-546
-2333
173
-309
-4117
-901
-1904
-729
-809
250
-393
-8715
-1842
-1557
187
41
864
1297
-3953
597
1908
31
92
-3718
-4887
554
-433
-332
-2214
-6496
1786
-4363
-112
-648
-133
-1347
-2834
711
-4617
-4091
2866
-7937
-6238
-192895
-8822
-26447
0
-2302
-5241
375
650
-465
-6124
1916
-878
-1974
-745
-209
3085
-5447
-4058
-1342
-4577
-8054
-2182
519
484
-8853
355
-3052
-466
-320
-867
-13688
-1874
-825
3284
-3326
-298
381
50
-4919
-307
-1472
258
-706
-3592
-2559
-2623
-2028
-2815
139
-1348
2223
-285
-457
6051
259
113
-3876
-123
-1625
2509
-5061
-2030
-352
-2142
-4768
-5919
1349
-2945
-368
-8406
-7626
-2989
-16661
-939
-2059
-1639
-1862
-1708
-2170
-2654
-469
-9135
83
-1649
941
-717
-244
-564
-722
860
-810
48
-2060
974
-1059
-5236
-3122
718
-1484
-1326
-682
-329
-1112
70
279
468
-3958
-316
-3574
-6527
-229
813
668
-1153
-762
-1095
-4485
-2122
-2166
-1444
-42
-1500
3116
-458
-16140
-18
-750
-5035
-474
-649
-1473
-4645
-730
1233
-2253
-2530
-17332
-252
809
-1468
-2102
212
-1194
-2869
-2040
-15532
-809
-612
-6927
-535
-1462
-3068
-19648
-760
230
-123
-2254
-212
5086
-433
-312
1457
-2004
-166
-2364
35
-1829
-5348
2718
1495
946
-43
-2071
-415
-11363
1218
2556
-289
294
-3283
-1445
-1136
-5234
524
4904
0
1579
-6402
-133
-686
-984
-53
-231
-280
-1453
-909
1401
-52
-393
-3576
-7762
2156
16
240
-1473
-164
-4996
-1477
-564
89
-92
19
335
-878
-27
-12748
-663
49
-950
-232
1377
-500
-749
-9211
-3408
19
-381
-3232
-3601
317
-1100
-433
237
-956
-1952
-2753
-627
124
-2588
82
-4719
-4664
-3627
335
2227
-557
-1192
-801
4300
-12312
-205
-8
43
392
-132
-586
-1103
-1875
-5287
-2562
-201
-539
-5646
-2397
-1184
-2972
-744
-5277
-3144
-2307
-314
-322
-1686
-331
-716
-1733
-3760
295
-1726
-2358
-400
-8155
846
1325
-2834
59
-321
141
878
-2021
-1482
310
-3445
-2422
-6734
-508
646
1153
-2850
-241
-365
-511
-6671
-5242
40
-1392
255
107
-3719
-627
-424
-3999
-8217
-7360
77
-1320
-5126
-1864
-1919
-600
1503
297
38
-118
103
-2453
-2293
-7834
-873
-2818
1377
-70
2468
-219
-89
-11945
1338
-4357
-1064
-4089
-91
-187
25
-1773
-3140
-1954
-141
797
-1429
548
1815
2092
-2161
-1029
-872
-873
-4881
-4899
-4927
-1510
-600
-427
476
411
1287
-89
-3757
-685
-3980
-3489
-348
-491
401
1384
316
-11098
-2685
786
865
1323
-3289
139
-5209
-4270
-862
-1598
-188
-5164
-861
1671
-3501
-74
168
208
-1824
-4036
-7436
24
-1902
-2715
-4480
-2357
157
169
1066
-1958
968
-2448
-1359
-347
-1145
1292
-2477
-907
-1519
-2884
683
-1919
777
-444
-3705
-3559
-773
-736
-47
-2752
-1251
-506
-3134
354
-457
-11
-824
-174
-30
232
2530
337
-1527
-1194
-16824
-1875
-1100
-1280
1968
-390
-274
-364
-223
968
-13239
-2315
-5162
-6658
-186
-3250
-464
-677
-4735
-176
-3760
-4923
1162
-2451
-580
-3749
-2229
-280
-1501
-3485
-2680
-3252
1060
-309
-1602
-3774
-2775
-2902
696
873
-274
1413
-292
1044
-6405
-925
-2213
-677
-4589
-556
-5431
-639
-390
-39
-159
-337
-6955
-1672
794
-5923
2779
-3
510
61
-2625
-1435
-457
552
-242
-1815
-858
-4042
-11507
61
-1454
-316
-1499
-1411
-1586
406
-1382
1197
1259
-199
-2647
-601
-636
-737
-4278
-3856
-414
-261
-952
-332
-1247
-328
-791
131
-863
-4966
-3639
1260
462
-8578
-34
-28
618
-729
296
-1934
-1001
-979
-100
661
-8054
-2255
-509
-66
-1151
-2441
342
-530
1065
-1927
-1570
-2181
-6582
-4882
-1739
-178
-2232
-1352
-1388
207
-108
-7577
-123
-3572
-1524
-1638
-1332
-2222
-896
20
-1477
-353
-1607
-359
308
-1244
-2186
-4738
461
-1534
-2754
-743
-204
-1874
-350
852
3730
-2068
-2035
-2426
-103
-206
192
98
-42
92
-835
-236
143
-5555
-2351
95
-141
-1214
247
-224
-424
1912
818
-704
22
-24
-2377
-524
-12157
587
-4786
240
-6590
-1427
-8071
1167
-2137
-3237
-2886
-58
-1767
-188
8
-2849
-7537
-6183
-1907
-3535
-2579
-4420
-992
-2701
-857
-1500
-1029
-541
-3197
-2241
4242
-545
-5086
-2655
-732
-778
599
-5995
-3106
-2306
-8734
-3399
-2779
-107
-1335
-959
-662
-6244
-894
236
-414
64
-6554
-3079
179
-541
-135
-3424
-2366
2976
162
-467
-828
-2297
894
426
-20
-328
-543
-2994
-1032
-156
745
344
-650
4646
-677
851
874
895
1058
-1769
584
86
850
-1708
-5021
-2094
-1992
-212
-6906
-1419
-40
-2681
-156
-3340
408
1336
-1970
-2643
-3110
95
-1830
-1557
-382
-59
80
-1320
-2386
-1
-4071
-613
-1449
-1776
-2070
934
937
-1213
-9467
-9561
-1531
41
17
-579
-1481
-306
244
-182
-235
151
-38608
59
-4039
-2424
244
2295
-727
-5984
-330
615
-32
-1328
619
-5247
281
-3923
510
-1368
-852
-1716
-536
-3195
-341
-917
-2822
-231
-3357
-1952
-3049
-3307
-446
-2144
-519
-2117
2578
-1474
-592
172
-478
467
277
-2125
204
-834
-1411
-199
-2604
-1283
-6585
-2586
-1373
-913
-481
-218
-165
-1553
-146
-285
-1963
-1220
-1316
-1529
-1199
-1071
-1316
221
102
-926
-7511
-552
321
-1633
-168
-1366
1314
-1066
-683
-806
816
-6523
-4638
-5774
-2922
-3166
-257
-11700
-1563
-277
-3095
-1385
-3907
-3605
-132
-1078
-4579
-2867
-20
-481
-2648
-4832
-1824
-2141
-2076
-127
-143
52
-1062
151
-809
1381
-9809
472
-11708
-11662
-11659
-9992
-878
-2942
-661
-4287
-194
-1470
-1524
1310
-3529
-210
-5304
-1076
-8753
1231
1604
-2880
-2941
-1568
-6884
-3482
17
-4622
-3268
-78
-472
728
-509
-848
-1870
-2490
-7435
-3893
1132
-535
-2176
-2831
-3379
-6345
-6099
-2345
-530
-1716
-774
-5445
-5067
-4367
-4035
-1633
-3536
-12
-791
-9306
-1655
168
-2243
4696
-10292
-542
-364
-117
-3970
-504
-31
-4187
-395
-247
-1736
88
133
-4372
95
396
-1878
-1001
-1064
-244
277
-927
-1600
77
-2356
-5778
-4046
-171
-1395
-2683
-440
-127
-2430
-4399
-1449
-2335
-2522
79
-2717
-754
-5787
-556
-2471
-160
-48
-106
-1319
601
-11457
-7212
-693
-1675
505
-4537
-14312
-2342
-278
407
-399
645
-4068
417
99
-156
612
630
160
-4327
-7124
932
21
393
-2439
-2415
-1279
-791
676
-244
142
-2745
-2247
-2209
-790
-2199
-55
-91
-276
-1062
-1484
-1979
-1260
-599
281
138
713
-437
-1072
-5698
-900
-5352
-4862
77
-47
-3963
-1502
-2471
-1245
266
-5178
274
668
-100
107
-1761
-219
300
1916
-1496
-1555
-143
-583
-139
-1763
4921
-1941
-4575
-4016
-1496
961
-11085
-2524
-18546
-24
-6125
-4766
2865
-14153
-8076
-64
299
-2746
967
-3375
1259
-6263
-2106
-297
-1607
3682
-3624
-1277
-741
-2041
-1570
-7630
-7408
-1378
-347
-3400
-2784
-1110
2092
-5047
-5778
-3180
-1940
-1752
-1227
-1058
-81
-1733
-842
156
-614
-3170
920
-1836
-1965
-1696
-2009
-600
-1977
328
-6355
-2986
23
-1684
-3230
-1944
32
-1009
-1740
-3935
-319
-977
93
-222
4092
-693
2722
941
-1375
-7424
-3067
-948
-2661
10
-222
-431
202
-5735
-340
-47
-1291
-1886
-2385
-818
-838
405
-484
-2320
-14935
-722
-2374
1684
-506
-242
-257
-1598
-1582
-1534
-5791
359
-11006
-1360
1875
-77
-2432
136
-4972
-3884
-1469
-1722
-6485
-264
442
-447
841
-3721
-6075
1045
-9017
-817
-250
-36
-386
-1152
124
-1562
1018
-3251
-1046
-2788
-1280
-67
-360
-591
-762
-3866
-75
-358
100
25
-1194
479
-1724
148
-14
-1261
-480
499
-4624
-5142
-931
-2630
-3369
-999
-819
-750
50
1408
-1827
-1089
113
-243
-636
219
-11273
-1652
-23608
-24376
1131
121
2430
-467
-8716
-727
-1047
