-256
2259
-3717
-4205
-1448
-406
365
-1255
-13953
-628
649
-2908
-630
-3404
-3407
-3845
830
-4516
-860
52
-32
-716
-8702
-1708
2150
-4390
-2064
-971
-7953
-9058
-7007
-1653
-645
-3959
-6450
-5257
-1541
-19238
-327
-15378
-2101
-13463
-5624
-901
-417
-3194
131
1229
-563
-2654
-192
-1759
-2021
1061
-2622
-193
1226
-7455
-2659
-4926
-600
-2000
-1028
1659
-628
-313
-14826
-27
-3422
-3392
711
-2349
-1235
-4264
577
-1420
-1448
-1052
-1713
-199
21
-1472
-124
-2164
188
-2213
-9647
-4242
-279
-330
-7756
2440
-1957
2150
1160
-127
-222
-134
2147
-740
-2189
1859
-231
200
1034
-1397
115
-7224
315
180
228
-402
814
1153
2162
-2242
-734
-3703
-680
20
-1442
-1336
269
-4435
-2615
-11728
-1773
-7453
-6816
-293
-199
511
-869
-1157
-1260
-61
-2644
-2970
-1357
-1129
1743
-2664
-5611
3
-746
-563
-80
-466
-7254
-959
-4711
-2171
-2295
264
-5753
-1437
-236
-486
-1696
-11152
-56
-1393
-563
-636
-3765
2101
-5130
-257
-3810
-4041
-5955
-1690
-1288
-4708
-5092
1472
-1080
-246
-4040
-5582
-1553
-885
-5770
331
-898
-4
-4417
-2932
-15079
-3051
-1949
-1981
-5
-1150
-1953
-1364
2012
-2959
916
919
-603
1044
-1139
100
-1690
-973
1529
-430
-1177
-10430
-100
514
-6843
-1039
-1778
-817
-4615
26
-1082
1067
-857
-2855
-8057
-226
1242
-2441
-7449
318
-2541
-155
-225
-517
-2282
-1304
-420
-1810
-337
-615
-2020
-1646
-615
-4497
176
-1468
1161
-1121
-1752
-88
-933
-4602
-1058
-2461
-2986
1000
-1635
-275
-2345
-8008
1984
-2971
131
241
-289
-294
-419
-6767
-8737
65
1391
-6287
-6274
-5058
38
-467
-470
-3817
-1420
-1832
-568
-988
2871
2597
-103
164
-1807
38
-1903
1024
-49
-6398
-345
855
-4983
-759
-491
-700
-565
-522
-195
-45
324
-5005
649
-3378
-460
-1742
-757
569
1189
-171
1916
-1107
-1943
-2970
-606
-261
-2670
-9575
-156
-653
-2733
-415
19
-1602
1186
1596
-2685
-3755
-567
-2071
-270
-617
1395
27
-978
-16389
-621
-315
-4287
-3768
-2077
-8647
-5716
-943
-522
-18684
-4023
498
2210
-102
-4061
-3177
-5904
-676
74
-487
-694
-721
-8127
-352
356
915
-1188
-5121
-521
-136
-1407
-1300
-1947
-497
-2409
-160
27
-1297
22
520
71
57
-180
-1437
1419
-8607
-4352
-721
-3830
-1412
-4872
-533
-1156
-7508
-1292
-3234
914
1676
-2324
-1145
141
-536
-1084
187
-1243
1294
-833
-4205
-441
1360
-1373
-1154
-2122
-780
-1380
-526
732
-1855
-961
697
-2696
-327
755
-1483
-433
5
2053
-1322
-800
-793
