-924
-1400
-4836
-6473
-8293
1929
-370
-1872
-2895
1083
-343
15
-132
-149
-4936
-182
-1926
-276
-521
410
1654
1564
-350
-2800
-8261
-309
-645
-1609
-2047
-5625
-205
4593
-1850
-2698
2516
-931
-195
-398
1316
-302
1096
646
-3122
-10197
-2715
-1158
-547
-3122
-1126
-124
-2736
-27827
-4496
20
-1770
1346
921
160
-3900
-612
-2256
-1260
-1227
-608
-398
-5482
-858
-35
-263
610
-93
-1049
1047
-988
-1009
-6235
3849
2846
-2998
-827
-2373
-1693
310
1303
-10200
-6378
-521
-3647
-3585
-433
-611
-2321
-2279
705
-1374
-2210
-2759
-341
-4062
-2539
-10696
-418
-13
-7938
-907
-849
-52
-128
-1335
409
-5081
-3454
-3758
-2492
178
-230
-423
-27
728
-2170
-1450
-7747
-121
-823
-30
4674
-717
369
-2239
-1512
-2433
-858
-298
89
-632
-40
1834
-27
6200
22
-1106
-174
-230
-2016
-3749
-30
-1810
-165
-2406
-596
-1454
-133
-3176
-2617
-462
24
-918
-625
-1692
-165
-494
-1665
-720
-969
-630
-2943
-3616
-774
-1816
-1510
-2028
-12
87
-2003
-211
336
-638
-1915
1013
-318
-884
176
-6419
-426
-2895
-3744
-2013
-2841
-26
-3932
-18
31
-3699
-740
-215
-16053
-4362
-1244
-100
-6951
-2741
-1573
-353
27
-3971
-498
-11428
-3077
136
-463
-325
-1400
-2035
-4670
2086
1147
-1047
-330
-2555
-78
-10254
-28
-4315
-3519
-2466
-1312
-712
6257
-1173
-1837
-1419
-565
-966
-3288
-3018
-665
-2224
-3041
-30
-359
-4931
9
-2696
-2315
-1733
-31
-53
-1214
-1937
-855
-7779
-7347
-294
-658
-804
-361
34
529
-3283
-216
1657
-2953
-2450
-2305
-117
-5833
-2565
-540
-455
-3158
2798
-306
-366
-240
-6003
391
-104
-2024
-2541
-113
-2745
-1777
-942
-3595
-1585
-2213
-68
-4084
1903
-34
-607
-1825
-12
-7480
-738
-255
-1862
-139
-28
-2692
-1691
-1897
-3337
-369
-3697
-918
-100
-430
-163
-12138
-5839
-855
-3957
-2296
-758
-2829
-2252
-958
916
-823
-759
-460
-449
992
-1129
-2228
731
-111
-2700
-1446
-857
-4124
468
-1439
-10051
-377
-9241
-9594
-203
-29
-4469
-1474
345
-17288
-1194
-878
-152
-3438
-2376
-1639
-1286
-562
-1152
-1180
-46
-6715
-451
-549
-926
-3150
-2103
-241
-701
-5178
-745
-1743
-1786
-396
-1377
-8756
-171
2480
-2275
-154
-2752
-797
-311
2369
-238
-1563
-3145
-2353
734
-4064
2905
-2731
5
-80
1122
-1460
-733
845
1823
-379
-2052
-311
2440
-6828
-6783
-277
-2144
1131
-151
-208
-2455
-3022
-257
-2107
-2304
664
-11729
-878
-277
-159
-8741
-3677
876
-721
-1875
171
-2873
-1526
-1735
-225
-2210
-806
-670
-40
-175
-1919
-3260
-141
-8067
-175
1198
-1503
-3895
14
959
-126
-732
-2729
-1932
-1228
-1512
-1677
1344
-1002
-1786
-2230
-419
-6380
-1973
-3406
-1227
-72
-126
-164
-8075
-1394
-25
-1560
-4021
-496
-263
-593
-1862
-1284
-27636
-1232
-8989
2115
-576
-239
-174
-4311
-125
-1233
-1749
-2339
492
-413
-2050
40
-10652
-5768
1898
-882
-76
-264
-1872
-4077
-857
-1805
-4825
-477
-480
1615
2400
-968
62
-1669
-1617
-1591
-805
-1683
-4431
-7878
-3527
-1841
1742
-5604
-6406
-1568
-3742
-2447
-916
-4617
-2609
-408
-2898
-2069
-964
-1183
-106
-101
-47
-119
-400
-20
-617
-163
-2180
-31
-2262
-2948
-210
-226
1380
-5449
-1237
-366
-3587
-1654
-4402
2928
-150
-646
1477
-330
-1716
-448
-3970
-1321
-4159
-842
-3526
-7791
-146
935
-1663
198
-129
-7822
-286
-613
-73
-1591
-274
-260
-536
-4928
-5326
-1463
-2462
-782
-13006
-594
-419
-4778
-6705
-548
-40
-56
-6598
-610
-5798
-602
-337
-4893
-294
-350
-27
-133
-1887
26
-331
-114
497
-9485
-3393
-4
235
-1531
-3000
-1735
-273
-333
-1962
-434
-313
-679
-550
1387
-473
-22
-243
-39
-750
-2021
-7583
-6722
-2686
-2568
-1269
-17066
-17192
-1882
-262
-1820
-6350
-1191
-27
-1520
-170
-2403
-1089
-165
284
941
-18733
-3684
-1974
-2167
-1023
-2533
-283
-3048
-12
-156
11
-14832
-1365
562
-189
-276
-864
-146
-1421
-3713
-413
-432
-680
-1044
-1969
-172
-3067
-4645
-6183
-430
-162
437
-60
-4064
-163
-3498
-1056
-2957
1536
-7285
-240
-3396
501
-576
-375
985
-1571
1
-116
-934
-105
-1669
-2240
-170
-539
-8652
1787
-407
-1627
-3246
-357
-6203
-1133
-484
-1553
-3274
-265
-5406
-5346
-1207
-184
-612
-1110
476
-3278
-4209
-140
-718
-1888
-5879
-5347
711
-3165
769
1042
-1561
1319
-1743
-1982
-1335
-2485
-1647
-360
-1097
-2890
-287
-1033
-5273
-474
-27
-1285
-214
-798
-6398
-4245
-874
61
1063
-139
-3676
-27
