Chr1 0 199999 0
Chr1 200000 399999 1
Chr1 400000 599999 1
Chr1 600000 799999 1
Chr1 800000 999999 1
Chr1 1000000 1199999 0
Chr1 1200000 1399999 0
Chr1 1400000 1599999 3
Chr1 1600000 1799999 4
Chr1 1800000 1999999 2
Chr1 2000000 2199999 0
Chr1 2200000 2399999 3
Chr1 2400000 2599999 1
Chr1 2600000 2799999 1
Chr1 2800000 2999999 0
Chr1 3000000 3199999 1
Chr1 3200000 3399999 0
Chr1 3400000 3599999 0
Chr1 3600000 3799999 4
Chr1 3800000 3999999 0
Chr1 4000000 4199999 1
Chr1 4200000 4399999 2
Chr1 4400000 4599999 1
Chr1 4600000 4799999 0
Chr1 4800000 4999999 0
Chr1 5000000 5199999 1
Chr1 5200000 5399999 0
Chr1 5400000 5599999 2
Chr1 5600000 5799999 3
Chr1 5800000 5999999 1
Chr1 6000000 6199999 1
Chr1 6200000 6399999 0
Chr1 6400000 6599999 4
Chr1 6600000 6799999 2
Chr1 6800000 6999999 0
Chr1 7000000 7199999 2
Chr1 7200000 7399999 1
Chr1 7400000 7599999 1
Chr1 7600000 7799999 0
Chr1 7800000 7999999 0
Chr1 8000000 8199999 1
Chr1 8200000 8399999 1
Chr1 8400000 8599999 0
Chr1 8600000 8799999 2
Chr1 8800000 8999999 2
Chr1 9000000 9199999 1
Chr1 9200000 9399999 0
Chr1 9400000 9599999 2
Chr1 9600000 9799999 0
Chr1 9800000 9999999 1
Chr1 10000000 10199999 0
Chr1 10200000 10399999 1
Chr1 10400000 10599999 2
Chr1 10600000 10799999 2
Chr1 10800000 10999999 2
Chr1 11000000 11199999 0
Chr1 11200000 11399999 1
Chr1 11400000 11599999 0
Chr1 11600000 11799999 1
Chr1 11800000 11999999 0
Chr1 12000000 12199999 0
Chr1 12200000 12399999 1
Chr1 12400000 12599999 1
Chr1 12600000 12799999 1
Chr1 12800000 12999999 0
Chr1 13000000 13199999 0
Chr1 13200000 13399999 2
Chr1 13400000 13599999 1
Chr1 13600000 13799999 1
Chr1 13800000 13999999 3
Chr1 14000000 14199999 2
Chr1 14200000 14399999 0
Chr1 14400000 14599999 1
Chr1 14600000 14799999 1
Chr1 14800000 14999999 1
Chr1 15000000 15199999 0
Chr1 15200000 15399999 2
Chr1 15400000 15599999 2
Chr1 15600000 15799999 1
Chr1 15800000 15999999 1
Chr1 16000000 16199999 1
Chr1 16200000 16399999 0
Chr1 16400000 16599999 0
Chr1 16600000 16799999 3
Chr1 16800000 16999999 0
Chr1 17000000 17199999 1
Chr1 17200000 17399999 1
Chr1 17400000 17599999 0
Chr1 17600000 17799999 1
Chr1 17800000 17999999 2
Chr1 18000000 18199999 0
Chr1 18200000 18399999 1
Chr1 18400000 18599999 1
Chr1 18600000 18799999 0
Chr1 18800000 18999999 3
Chr1 19000000 19199999 2
Chr1 19200000 19399999 1
Chr1 19400000 19599999 2
Chr1 19600000 19799999 0
Chr1 19800000 19999999 2
Chr1 20000000 20199999 0
Chr1 20200000 20399999 0
Chr1 20400000 20599999 1
Chr1 20600000 20799999 2
Chr1 20800000 20999999 0
Chr1 21000000 21199999 2
Chr1 21200000 21399999 1
Chr1 21400000 21599999 2
Chr1 21600000 21799999 1
Chr1 21800000 21999999 4
Chr1 22000000 22199999 2
Chr1 22200000 22399999 2
Chr1 22400000 22599999 0
Chr1 22600000 22799999 0
Chr1 22800000 22999999 2
Chr1 23000000 23199999 0
Chr1 23200000 23399999 4
Chr1 23400000 23599999 1
Chr1 23600000 23799999 1
Chr1 23800000 23999999 1
Chr1 24000000 24199999 1
Chr1 24200000 24399999 1
Chr1 24400000 24599999 3
Chr1 24600000 24799999 2
Chr1 24800000 24999999 0
Chr1 25000000 25199999 3
Chr1 25200000 25399999 1
Chr1 25400000 25599999 2
Chr1 25600000 25799999 0
Chr1 25800000 25999999 2
Chr1 26000000 26199999 1
Chr1 26200000 26399999 0
Chr1 26400000 26599999 2
Chr1 26600000 26799999 2
Chr1 26800000 26999999 1
Chr1 27000000 27199999 2
Chr1 27200000 27399999 4
Chr1 27400000 27599999 1
Chr1 27600000 27799999 1
Chr1 27800000 27999999 0
Chr1 28000000 28199999 3
Chr1 28200000 28399999 1
Chr1 28400000 28599999 1
Chr1 28600000 28799999 1
Chr1 28800000 28999999 0
Chr1 29000000 29199999 2
Chr1 29200000 29399999 1
Chr1 29400000 29599999 0
Chr1 29600000 29799999 2
Chr1 29800000 29999999 4
Chr1 30000000 30199999 0
Chr1 30200000 30399999 1
Chr1 30400000 30599999 2
Chr1 30600000 30799999 1
Chr1 30800000 30999999 4
Chr1 31000000 31199999 1
Chr1 31200000 31399999 0
Chr1 31400000 31599999 2
Chr1 31600000 31799999 0
Chr1 31800000 31999999 1
Chr1 32000000 32199999 1
Chr1 32200000 32399999 1
Chr1 32400000 32599999 2
Chr1 32600000 32799999 0
Chr1 32800000 32999999 0
Chr1 33000000 33199999 1
Chr1 33200000 33399999 0
Chr1 33400000 33599999 1
Chr1 33600000 33799999 1
Chr1 33800000 33999999 2
Chr1 34000000 34199999 0
Chr1 34200000 34399999 2
Chr1 34400000 34599999 4
Chr1 34600000 34799999 1
Chr1 34800000 34999999 1
Chr1 35000000 35199999 0
Chr1 35200000 35399999 0
Chr1 35400000 35599999 0
Chr1 35600000 35799999 1
Chr1 35800000 35999999 1
Chr1 36000000 36199999 1
Chr1 36200000 36399999 2
Chr1 36400000 36599999 1
Chr1 36600000 36799999 3
Chr1 36800000 36999999 1
Chr1 37000000 37199999 3
Chr1 37200000 37399999 2
Chr1 37400000 37599999 0
Chr1 37600000 37799999 1
Chr1 37800000 37999999 1
Chr1 38000000 38199999 1
Chr1 38200000 38399999 3
Chr1 38400000 38599999 2
Chr1 38600000 38799999 1
Chr1 38800000 38999999 0
Chr1 39000000 39199999 1
Chr1 39200000 39399999 0
Chr1 39400000 39599999 3
Chr1 39600000 39799999 1
Chr1 39800000 39999999 1
Chr1 40000000 40199999 1
Chr1 40200000 40399999 2
Chr1 40400000 40599999 2
Chr1 40600000 40799999 1
Chr1 40800000 40999999 0
Chr1 41000000 41199999 1
Chr1 41200000 41399999 0
Chr1 41400000 41599999 0
Chr1 41600000 41799999 0
Chr1 41800000 41999999 1
Chr1 42000000 42199999 2
Chr1 42200000 42399999 2
Chr1 42400000 42599999 3
Chr1 42600000 42799999 2
Chr1 42800000 42999999 0
Chr1 43000000 43199999 1
Chr1 43200000 43270923 1
Chr10 0 199999 1
Chr10 200000 399999 2
Chr10 400000 599999 1
Chr10 600000 799999 4
Chr10 800000 999999 2
Chr10 1000000 1199999 0
Chr10 1200000 1399999 3
Chr10 1400000 1599999 1
Chr10 1600000 1799999 2
Chr10 1800000 1999999 2
Chr10 2000000 2199999 1
Chr10 2200000 2399999 0
Chr10 2400000 2599999 2
Chr10 2600000 2799999 5
Chr10 2800000 2999999 3
Chr10 3000000 3199999 1
Chr10 3200000 3399999 0
Chr10 3400000 3599999 2
Chr10 3600000 3799999 1
Chr10 3800000 3999999 3
Chr10 4000000 4199999 2
Chr10 4200000 4399999 3
Chr10 4400000 4599999 2
Chr10 4600000 4799999 3
Chr10 4800000 4999999 4
Chr10 5000000 5199999 3
Chr10 5200000 5399999 1
Chr10 5400000 5599999 1
Chr10 5600000 5799999 3
Chr10 5800000 5999999 3
Chr10 6000000 6199999 1
Chr10 6200000 6399999 3
Chr10 6400000 6599999 0
Chr10 6600000 6799999 1
Chr10 6800000 6999999 1
Chr10 7000000 7199999 2
Chr10 7200000 7399999 3
Chr10 7400000 7599999 2
Chr10 7600000 7799999 2
Chr10 7800000 7999999 5
Chr10 8000000 8199999 0
Chr10 8200000 8399999 0
Chr10 8400000 8599999 1
Chr10 8600000 8799999 1
Chr10 8800000 8999999 1
Chr10 9000000 9199999 1
Chr10 9200000 9399999 1
Chr10 9400000 9599999 5
Chr10 9600000 9799999 2
Chr10 9800000 9999999 2
Chr10 10000000 10199999 4
Chr10 10200000 10399999 0
Chr10 10400000 10599999 3
Chr10 10600000 10799999 3
Chr10 10800000 10999999 2
Chr10 11000000 11199999 4
Chr10 11200000 11399999 1
Chr10 11400000 11599999 2
Chr10 11600000 11799999 2
Chr10 11800000 11999999 1
Chr10 12000000 12199999 1
Chr10 12200000 12399999 2
Chr10 12400000 12599999 1
Chr10 12600000 12799999 1
Chr10 12800000 12999999 3
Chr10 13000000 13199999 4
Chr10 13200000 13399999 0
Chr10 13400000 13599999 5
Chr10 13600000 13799999 2
Chr10 13800000 13999999 4
Chr10 14000000 14199999 5
Chr10 14200000 14399999 3
Chr10 14400000 14599999 1
Chr10 14600000 14799999 6
Chr10 14800000 14999999 1
Chr10 15000000 15199999 1
Chr10 15200000 15399999 2
Chr10 15400000 15599999 1
Chr10 15600000 15799999 2
Chr10 15800000 15999999 2
Chr10 16000000 16199999 5
Chr10 16200000 16399999 0
Chr10 16400000 16599999 3
Chr10 16600000 16799999 5
Chr10 16800000 16999999 1
Chr10 17000000 17199999 0
Chr10 17200000 17399999 1
Chr10 17400000 17599999 2
Chr10 17600000 17799999 1
Chr10 17800000 17999999 1
Chr10 18000000 18199999 2
Chr10 18200000 18399999 2
Chr10 18400000 18599999 5
Chr10 18600000 18799999 3
Chr10 18800000 18999999 1
Chr10 19000000 19199999 5
Chr10 19200000 19399999 2
Chr10 19400000 19599999 2
Chr10 19600000 19799999 4
Chr10 19800000 19999999 4
Chr10 20000000 20199999 2
Chr10 20200000 20399999 3
Chr10 20400000 20599999 0
Chr10 20600000 20799999 1
Chr10 20800000 20999999 0
Chr10 21000000 21199999 0
Chr10 21200000 21399999 3
Chr10 21400000 21599999 2
Chr10 21600000 21799999 2
Chr10 21800000 21999999 0
Chr10 22000000 22199999 2
Chr10 22200000 22399999 1
Chr10 22400000 22599999 0
Chr10 22600000 22799999 4
Chr10 22800000 22999999 2
Chr10 23000000 23199999 2
Chr10 23200000 23207287 0
Chr11 0 199999 0
Chr11 200000 399999 5
Chr11 400000 599999 3
Chr11 600000 799999 1
Chr11 800000 999999 3
Chr11 1000000 1199999 0
Chr11 1200000 1399999 2
Chr11 1400000 1599999 1
Chr11 1600000 1799999 1
Chr11 1800000 1999999 3
Chr11 2000000 2199999 1
Chr11 2200000 2399999 1
Chr11 2400000 2599999 2
Chr11 2600000 2799999 0
Chr11 2800000 2999999 3
Chr11 3000000 3199999 0
Chr11 3200000 3399999 4
Chr11 3400000 3599999 4
Chr11 3600000 3799999 0
Chr11 3800000 3999999 6
Chr11 4000000 4199999 3
Chr11 4200000 4399999 1
Chr11 4400000 4599999 1
Chr11 4600000 4799999 2
Chr11 4800000 4999999 0
Chr11 5000000 5199999 4
Chr11 5200000 5399999 2
Chr11 5400000 5599999 2
Chr11 5600000 5799999 1
Chr11 5800000 5999999 1
Chr11 6000000 6199999 1
Chr11 6200000 6399999 1
Chr11 6400000 6599999 0
Chr11 6600000 6799999 2
Chr11 6800000 6999999 2
Chr11 7000000 7199999 1
Chr11 7200000 7399999 0
Chr11 7400000 7599999 1
Chr11 7600000 7799999 0
Chr11 7800000 7999999 4
Chr11 8000000 8199999 0
Chr11 8200000 8399999 3
Chr11 8400000 8599999 1
Chr11 8600000 8799999 0
Chr11 8800000 8999999 2
Chr11 9000000 9199999 1
Chr11 9200000 9399999 3
Chr11 9400000 9599999 1
Chr11 9600000 9799999 4
Chr11 9800000 9999999 1
Chr11 10000000 10199999 2
Chr11 10200000 10399999 0
Chr11 10400000 10599999 1
Chr11 10600000 10799999 0
Chr11 10800000 10999999 1
Chr11 11000000 11199999 4
Chr11 11200000 11399999 1
Chr11 11400000 11599999 6
Chr11 11600000 11799999 0
Chr11 11800000 11999999 1
Chr11 12000000 12199999 0
Chr11 12200000 12399999 0
Chr11 12400000 12599999 2
Chr11 12600000 12799999 2
Chr11 12800000 12999999 4
Chr11 13000000 13199999 4
Chr11 13200000 13399999 1
Chr11 13400000 13599999 1
Chr11 13600000 13799999 1
Chr11 13800000 13999999 1
Chr11 14000000 14199999 4
Chr11 14200000 14399999 1
Chr11 14400000 14599999 2
Chr11 14600000 14799999 2
Chr11 14800000 14999999 2
Chr11 15000000 15199999 0
Chr11 15200000 15399999 2
Chr11 15400000 15599999 0
Chr11 15600000 15799999 0
Chr11 15800000 15999999 2
Chr11 16000000 16199999 3
Chr11 16200000 16399999 0
Chr11 16400000 16599999 2
Chr11 16600000 16799999 7
Chr11 16800000 16999999 2
Chr11 17000000 17199999 3
Chr11 17200000 17399999 2
Chr11 17400000 17599999 2
Chr11 17600000 17799999 2
Chr11 17800000 17999999 1
Chr11 18000000 18199999 5
Chr11 18200000 18399999 4
Chr11 18400000 18599999 6
Chr11 18600000 18799999 1
Chr11 18800000 18999999 3
Chr11 19000000 19199999 3
Chr11 19200000 19399999 1
Chr11 19400000 19599999 2
Chr11 19600000 19799999 2
Chr11 19800000 19999999 0
Chr11 20000000 20199999 2
Chr11 20200000 20399999 2
Chr11 20400000 20599999 2
Chr11 20600000 20799999 2
Chr11 20800000 20999999 2
Chr11 21000000 21199999 0
Chr11 21200000 21399999 3
Chr11 21400000 21599999 1
Chr11 21600000 21799999 5
Chr11 21800000 21999999 3
Chr11 22000000 22199999 2
Chr11 22200000 22399999 1
Chr11 22400000 22599999 2
Chr11 22600000 22799999 1
Chr11 22800000 22999999 3
Chr11 23000000 23199999 3
Chr11 23200000 23399999 0
Chr11 23400000 23599999 1
Chr11 23600000 23799999 1
Chr11 23800000 23999999 4
Chr11 24000000 24199999 2
Chr11 24200000 24399999 1
Chr11 24400000 24599999 4
Chr11 24600000 24799999 1
Chr11 24800000 24999999 1
Chr11 25000000 25199999 1
Chr11 25200000 25399999 2
Chr11 25400000 25599999 3
Chr11 25600000 25799999 0
Chr11 25800000 25999999 5
Chr11 26000000 26199999 1
Chr11 26200000 26399999 1
Chr11 26400000 26599999 3
Chr11 26600000 26799999 1
Chr11 26800000 26999999 2
Chr11 27000000 27199999 1
Chr11 27200000 27399999 2
Chr11 27400000 27599999 2
Chr11 27600000 27799999 1
Chr11 27800000 27999999 5
Chr11 28000000 28199999 3
Chr11 28200000 28399999 2
Chr11 28400000 28599999 0
Chr11 28600000 28799999 3
Chr11 28800000 28999999 1
Chr11 29000000 29021106 0
Chr12 0 199999 0
Chr12 200000 399999 1
Chr12 400000 599999 1
Chr12 600000 799999 0
Chr12 800000 999999 3
Chr12 1000000 1199999 3
Chr12 1200000 1399999 4
Chr12 1400000 1599999 1
Chr12 1600000 1799999 0
Chr12 1800000 1999999 1
Chr12 2000000 2199999 0
Chr12 2200000 2399999 2
Chr12 2400000 2599999 3
Chr12 2600000 2799999 2
Chr12 2800000 2999999 1
Chr12 3000000 3199999 6
Chr12 3200000 3399999 2
Chr12 3400000 3599999 3
Chr12 3600000 3799999 1
Chr12 3800000 3999999 2
Chr12 4000000 4199999 0
Chr12 4200000 4399999 2
Chr12 4400000 4599999 3
Chr12 4600000 4799999 2
Chr12 4800000 4999999 2
Chr12 5000000 5199999 2
Chr12 5200000 5399999 1
Chr12 5400000 5599999 1
Chr12 5600000 5799999 1
Chr12 5800000 5999999 0
Chr12 6000000 6199999 2
Chr12 6200000 6399999 2
Chr12 6400000 6599999 4
Chr12 6600000 6799999 3
Chr12 6800000 6999999 3
Chr12 7000000 7199999 3
Chr12 7200000 7399999 1
Chr12 7400000 7599999 2
Chr12 7600000 7799999 4
Chr12 7800000 7999999 4
Chr12 8000000 8199999 3
Chr12 8200000 8399999 1
Chr12 8400000 8599999 2
Chr12 8600000 8799999 2
Chr12 8800000 8999999 1
Chr12 9000000 9199999 0
Chr12 9200000 9399999 1
Chr12 9400000 9599999 1
Chr12 9600000 9799999 2
Chr12 9800000 9999999 2
Chr12 10000000 10199999 1
Chr12 10200000 10399999 2
Chr12 10400000 10599999 0
Chr12 10600000 10799999 1
Chr12 10800000 10999999 0
Chr12 11000000 11199999 1
Chr12 11200000 11399999 1
Chr12 11400000 11599999 1
Chr12 11600000 11799999 3
Chr12 11800000 11999999 1
Chr12 12000000 12199999 1
Chr12 12200000 12399999 2
Chr12 12400000 12599999 3
Chr12 12600000 12799999 1
Chr12 12800000 12999999 0
Chr12 13000000 13199999 0
Chr12 13200000 13399999 2
Chr12 13400000 13599999 1
Chr12 13600000 13799999 4
Chr12 13800000 13999999 4
Chr12 14000000 14199999 3
Chr12 14200000 14399999 2
Chr12 14400000 14599999 1
Chr12 14600000 14799999 0
Chr12 14800000 14999999 1
Chr12 15000000 15199999 1
Chr12 15200000 15399999 5
Chr12 15400000 15599999 0
Chr12 15600000 15799999 2
Chr12 15800000 15999999 0
Chr12 16000000 16199999 2
Chr12 16200000 16399999 3
Chr12 16400000 16599999 2
Chr12 16600000 16799999 2
Chr12 16800000 16999999 4
Chr12 17000000 17199999 4
Chr12 17200000 17399999 1
Chr12 17400000 17599999 1
Chr12 17600000 17799999 2
Chr12 17800000 17999999 2
Chr12 18000000 18199999 3
Chr12 18200000 18399999 2
Chr12 18400000 18599999 3
Chr12 18600000 18799999 0
Chr12 18800000 18999999 1
Chr12 19000000 19199999 2
Chr12 19200000 19399999 2
Chr12 19400000 19599999 2
Chr12 19600000 19799999 2
Chr12 19800000 19999999 2
Chr12 20000000 20199999 2
Chr12 20200000 20399999 1
Chr12 20400000 20599999 1
Chr12 20600000 20799999 3
Chr12 20800000 20999999 2
Chr12 21000000 21199999 1
Chr12 21200000 21399999 3
Chr12 21400000 21599999 4
Chr12 21600000 21799999 1
Chr12 21800000 21999999 2
Chr12 22000000 22199999 1
Chr12 22200000 22399999 2
Chr12 22400000 22599999 3
Chr12 22600000 22799999 3
Chr12 22800000 22999999 1
Chr12 23000000 23199999 2
Chr12 23200000 23399999 1
Chr12 23400000 23599999 1
Chr12 23600000 23799999 1
Chr12 23800000 23999999 1
Chr12 24000000 24199999 0
Chr12 24200000 24399999 2
Chr12 24400000 24599999 1
Chr12 24600000 24799999 4
Chr12 24800000 24999999 3
Chr12 25000000 25199999 4
Chr12 25200000 25399999 3
Chr12 25400000 25599999 2
Chr12 25600000 25799999 4
Chr12 25800000 25999999 3
Chr12 26000000 26199999 3
Chr12 26200000 26399999 2
Chr12 26400000 26599999 2
Chr12 26600000 26799999 0
Chr12 26800000 26999999 3
Chr12 27000000 27199999 3
Chr12 27200000 27399999 2
Chr12 27400000 27531856 0
Chr2 0 199999 0
Chr2 200000 399999 3
Chr2 400000 599999 3
Chr2 600000 799999 1
Chr2 800000 999999 2
Chr2 1000000 1199999 1
Chr2 1200000 1399999 3
Chr2 1400000 1599999 2
Chr2 1600000 1799999 2
Chr2 1800000 1999999 2
Chr2 2000000 2199999 3
Chr2 2200000 2399999 1
Chr2 2400000 2599999 0
Chr2 2600000 2799999 3
Chr2 2800000 2999999 0
Chr2 3000000 3199999 1
Chr2 3200000 3399999 1
Chr2 3400000 3599999 0
Chr2 3600000 3799999 4
Chr2 3800000 3999999 0
Chr2 4000000 4199999 1
Chr2 4200000 4399999 1
Chr2 4400000 4599999 1
Chr2 4600000 4799999 0
Chr2 4800000 4999999 2
Chr2 5000000 5199999 2
Chr2 5200000 5399999 2
Chr2 5400000 5599999 0
Chr2 5600000 5799999 1
Chr2 5800000 5999999 1
Chr2 6000000 6199999 2
Chr2 6200000 6399999 1
Chr2 6400000 6599999 3
Chr2 6600000 6799999 1
Chr2 6800000 6999999 0
Chr2 7000000 7199999 1
Chr2 7200000 7399999 0
Chr2 7400000 7599999 0
Chr2 7600000 7799999 3
Chr2 7800000 7999999 0
Chr2 8000000 8199999 1
Chr2 8200000 8399999 1
Chr2 8400000 8599999 0
Chr2 8600000 8799999 2
Chr2 8800000 8999999 3
Chr2 9000000 9199999 1
Chr2 9200000 9399999 1
Chr2 9400000 9599999 5
Chr2 9600000 9799999 1
Chr2 9800000 9999999 1
Chr2 10000000 10199999 2
Chr2 10200000 10399999 1
Chr2 10400000 10599999 1
Chr2 10600000 10799999 2
Chr2 10800000 10999999 3
Chr2 11000000 11199999 2
Chr2 11200000 11399999 2
Chr2 11400000 11599999 2
Chr2 11600000 11799999 1
Chr2 11800000 11999999 3
Chr2 12000000 12199999 2
Chr2 12200000 12399999 1
Chr2 12400000 12599999 2
Chr2 12600000 12799999 3
Chr2 12800000 12999999 1
Chr2 13000000 13199999 0
Chr2 13200000 13399999 0
Chr2 13400000 13599999 1
Chr2 13600000 13799999 0
Chr2 13800000 13999999 1
Chr2 14000000 14199999 2
Chr2 14200000 14399999 1
Chr2 14400000 14599999 2
Chr2 14600000 14799999 2
Chr2 14800000 14999999 3
Chr2 15000000 15199999 1
Chr2 15200000 15399999 0
Chr2 15400000 15599999 0
Chr2 15600000 15799999 3
Chr2 15800000 15999999 1
Chr2 16000000 16199999 0
Chr2 16200000 16399999 4
Chr2 16400000 16599999 0
Chr2 16600000 16799999 2
Chr2 16800000 16999999 3
Chr2 17000000 17199999 3
Chr2 17200000 17399999 1
Chr2 17400000 17599999 1
Chr2 17600000 17799999 3
Chr2 17800000 17999999 4
Chr2 18000000 18199999 1
Chr2 18200000 18399999 0
Chr2 18400000 18599999 1
Chr2 18600000 18799999 2
Chr2 18800000 18999999 1
Chr2 19000000 19199999 1
Chr2 19200000 19399999 0
Chr2 19400000 19599999 0
Chr2 19600000 19799999 4
Chr2 19800000 19999999 3
Chr2 20000000 20199999 1
Chr2 20200000 20399999 0
Chr2 20400000 20599999 3
Chr2 20600000 20799999 0
Chr2 20800000 20999999 1
Chr2 21000000 21199999 2
Chr2 21200000 21399999 0
Chr2 21400000 21599999 2
Chr2 21600000 21799999 1
Chr2 21800000 21999999 2
Chr2 22000000 22199999 1
Chr2 22200000 22399999 0
Chr2 22400000 22599999 1
Chr2 22600000 22799999 1
Chr2 22800000 22999999 0
Chr2 23000000 23199999 2
Chr2 23200000 23399999 0
Chr2 23400000 23599999 0
Chr2 23600000 23799999 2
Chr2 23800000 23999999 1
Chr2 24000000 24199999 2
Chr2 24200000 24399999 0
Chr2 24400000 24599999 2
Chr2 24600000 24799999 1
Chr2 24800000 24999999 2
Chr2 25000000 25199999 1
Chr2 25200000 25399999 4
Chr2 25400000 25599999 1
Chr2 25600000 25799999 1
Chr2 25800000 25999999 2
Chr2 26000000 26199999 3
Chr2 26200000 26399999 2
Chr2 26400000 26599999 2
Chr2 26600000 26799999 1
Chr2 26800000 26999999 4
Chr2 27000000 27199999 0
Chr2 27200000 27399999 1
Chr2 27400000 27599999 0
Chr2 27600000 27799999 0
Chr2 27800000 27999999 1
Chr2 28000000 28199999 4
Chr2 28200000 28399999 1
Chr2 28400000 28599999 2
Chr2 28600000 28799999 2
Chr2 28800000 28999999 1
Chr2 29000000 29199999 1
Chr2 29200000 29399999 2
Chr2 29400000 29599999 0
Chr2 29600000 29799999 2
Chr2 29800000 29999999 0
Chr2 30000000 30199999 0
Chr2 30200000 30399999 1
Chr2 30400000 30599999 0
Chr2 30600000 30799999 1
Chr2 30800000 30999999 1
Chr2 31000000 31199999 1
Chr2 31200000 31399999 3
Chr2 31400000 31599999 0
Chr2 31600000 31799999 1
Chr2 31800000 31999999 2
Chr2 32000000 32199999 2
Chr2 32200000 32399999 1
Chr2 32400000 32599999 1
Chr2 32600000 32799999 1
Chr2 32800000 32999999 1
Chr2 33000000 33199999 2
Chr2 33200000 33399999 2
Chr2 33400000 33599999 1
Chr2 33600000 33799999 1
Chr2 33800000 33999999 0
Chr2 34000000 34199999 4
Chr2 34200000 34399999 0
Chr2 34400000 34599999 2
Chr2 34600000 34799999 2
Chr2 34800000 34999999 1
Chr2 35000000 35199999 0
Chr2 35200000 35399999 1
Chr2 35400000 35599999 0
Chr2 35600000 35799999 0
Chr2 35800000 35937250 1
Chr3 0 199999 2
Chr3 200000 399999 0
Chr3 400000 599999 1
Chr3 600000 799999 3
Chr3 800000 999999 3
Chr3 1000000 1199999 2
Chr3 1200000 1399999 2
Chr3 1400000 1599999 1
Chr3 1600000 1799999 0
Chr3 1800000 1999999 1
Chr3 2000000 2199999 0
Chr3 2200000 2399999 0
Chr3 2400000 2599999 3
Chr3 2600000 2799999 1
Chr3 2800000 2999999 0
Chr3 3000000 3199999 0
Chr3 3200000 3399999 3
Chr3 3400000 3599999 3
Chr3 3600000 3799999 1
Chr3 3800000 3999999 1
Chr3 4000000 4199999 0
Chr3 4200000 4399999 1
Chr3 4400000 4599999 1
Chr3 4600000 4799999 0
Chr3 4800000 4999999 0
Chr3 5000000 5199999 2
Chr3 5200000 5399999 1
Chr3 5400000 5599999 0
Chr3 5600000 5799999 2
Chr3 5800000 5999999 3
Chr3 6000000 6199999 1
Chr3 6200000 6399999 0
Chr3 6400000 6599999 1
Chr3 6600000 6799999 3
Chr3 6800000 6999999 0
Chr3 7000000 7199999 0
Chr3 7200000 7399999 1
Chr3 7400000 7599999 0
Chr3 7600000 7799999 0
Chr3 7800000 7999999 1
Chr3 8000000 8199999 0
Chr3 8200000 8399999 0
Chr3 8400000 8599999 0
Chr3 8600000 8799999 1
Chr3 8800000 8999999 0
Chr3 9000000 9199999 0
Chr3 9200000 9399999 1
Chr3 9400000 9599999 1
Chr3 9600000 9799999 1
Chr3 9800000 9999999 2
Chr3 10000000 10199999 1
Chr3 10200000 10399999 0
Chr3 10400000 10599999 3
Chr3 10600000 10799999 0
Chr3 10800000 10999999 0
Chr3 11000000 11199999 0
Chr3 11200000 11399999 1
Chr3 11400000 11599999 1
Chr3 11600000 11799999 0
Chr3 11800000 11999999 2
Chr3 12000000 12199999 1
Chr3 12200000 12399999 0
Chr3 12400000 12599999 0
Chr3 12600000 12799999 1
Chr3 12800000 12999999 0
Chr3 13000000 13199999 1
Chr3 13200000 13399999 1
Chr3 13400000 13599999 1
Chr3 13600000 13799999 1
Chr3 13800000 13999999 1
Chr3 14000000 14199999 3
Chr3 14200000 14399999 3
Chr3 14400000 14599999 2
Chr3 14600000 14799999 0
Chr3 14800000 14999999 4
Chr3 15000000 15199999 1
Chr3 15200000 15399999 1
Chr3 15400000 15599999 1
Chr3 15600000 15799999 0
Chr3 15800000 15999999 1
Chr3 16000000 16199999 1
Chr3 16200000 16399999 3
Chr3 16400000 16599999 2
Chr3 16600000 16799999 0
Chr3 16800000 16999999 1
Chr3 17000000 17199999 2
Chr3 17200000 17399999 2
Chr3 17400000 17599999 0
Chr3 17600000 17799999 0
Chr3 17800000 17999999 1
Chr3 18000000 18199999 3
Chr3 18200000 18399999 0
Chr3 18400000 18599999 1
Chr3 18600000 18799999 2
Chr3 18800000 18999999 3
Chr3 19000000 19199999 2
Chr3 19200000 19399999 1
Chr3 19400000 19599999 2
Chr3 19600000 19799999 1
Chr3 19800000 19999999 1
Chr3 20000000 20199999 1
Chr3 20200000 20399999 1
Chr3 20400000 20599999 1
Chr3 20600000 20799999 1
Chr3 20800000 20999999 0
Chr3 21000000 21199999 1
Chr3 21200000 21399999 0
Chr3 21400000 21599999 2
Chr3 21600000 21799999 4
Chr3 21800000 21999999 1
Chr3 22000000 22199999 2
Chr3 22200000 22399999 1
Chr3 22400000 22599999 2
Chr3 22600000 22799999 4
Chr3 22800000 22999999 3
Chr3 23000000 23199999 1
Chr3 23200000 23399999 0
Chr3 23400000 23599999 4
Chr3 23600000 23799999 3
Chr3 23800000 23999999 2
Chr3 24000000 24199999 0
Chr3 24200000 24399999 3
Chr3 24400000 24599999 1
Chr3 24600000 24799999 0
Chr3 24800000 24999999 2
Chr3 25000000 25199999 1
Chr3 25200000 25399999 1
Chr3 25400000 25599999 1
Chr3 25600000 25799999 0
Chr3 25800000 25999999 3
Chr3 26000000 26199999 2
Chr3 26200000 26399999 0
Chr3 26400000 26599999 1
Chr3 26600000 26799999 0
Chr3 26800000 26999999 1
Chr3 27000000 27199999 2
Chr3 27200000 27399999 3
Chr3 27400000 27599999 3
Chr3 27600000 27799999 0
Chr3 27800000 27999999 1
Chr3 28000000 28199999 1
Chr3 28200000 28399999 1
Chr3 28400000 28599999 2
Chr3 28600000 28799999 0
Chr3 28800000 28999999 1
Chr3 29000000 29199999 3
Chr3 29200000 29399999 4
Chr3 29400000 29599999 0
Chr3 29600000 29799999 3
Chr3 29800000 29999999 0
Chr3 30000000 30199999 2
Chr3 30200000 30399999 0
Chr3 30400000 30599999 6
Chr3 30600000 30799999 1
Chr3 30800000 30999999 0
Chr3 31000000 31199999 1
Chr3 31200000 31399999 5
Chr3 31400000 31599999 1
Chr3 31600000 31799999 0
Chr3 31800000 31999999 2
Chr3 32000000 32199999 1
Chr3 32200000 32399999 1
Chr3 32400000 32599999 1
Chr3 32600000 32799999 2
Chr3 32800000 32999999 2
Chr3 33000000 33199999 0
Chr3 33200000 33399999 0
Chr3 33400000 33599999 3
Chr3 33600000 33799999 2
Chr3 33800000 33999999 0
Chr3 34000000 34199999 0
Chr3 34200000 34399999 3
Chr3 34400000 34599999 2
Chr3 34600000 34799999 1
Chr3 34800000 34999999 2
Chr3 35000000 35199999 1
Chr3 35200000 35399999 0
Chr3 35400000 35599999 0
Chr3 35600000 35799999 0
Chr3 35800000 35999999 0
Chr3 36000000 36199999 1
Chr3 36200000 36399999 1
Chr3 36400000 36413819 0
Chr4 0 199999 0
Chr4 200000 399999 1
Chr4 400000 599999 0
Chr4 600000 799999 1
Chr4 800000 999999 1
Chr4 1000000 1199999 1
Chr4 1200000 1399999 0
Chr4 1400000 1599999 2
Chr4 1600000 1799999 1
Chr4 1800000 1999999 2
Chr4 2000000 2199999 1
Chr4 2200000 2399999 2
Chr4 2400000 2599999 1
Chr4 2600000 2799999 5
Chr4 2800000 2999999 3
Chr4 3000000 3199999 0
Chr4 3200000 3399999 1
Chr4 3400000 3599999 1
Chr4 3600000 3799999 0
Chr4 3800000 3999999 2
Chr4 4000000 4199999 0
Chr4 4200000 4399999 1
Chr4 4400000 4599999 0
Chr4 4600000 4799999 0
Chr4 4800000 4999999 2
Chr4 5000000 5199999 2
Chr4 5200000 5399999 1
Chr4 5400000 5599999 3
Chr4 5600000 5799999 1
Chr4 5800000 5999999 1
Chr4 6000000 6199999 2
Chr4 6200000 6399999 2
Chr4 6400000 6599999 2
Chr4 6600000 6799999 1
Chr4 6800000 6999999 1
Chr4 7000000 7199999 1
Chr4 7200000 7399999 3
Chr4 7400000 7599999 2
Chr4 7600000 7799999 2
Chr4 7800000 7999999 0
Chr4 8000000 8199999 0
Chr4 8200000 8399999 2
Chr4 8400000 8599999 4
Chr4 8600000 8799999 1
Chr4 8800000 8999999 1
Chr4 9000000 9199999 0
Chr4 9200000 9399999 0
Chr4 9400000 9599999 1
Chr4 9600000 9799999 0
Chr4 9800000 9999999 0
Chr4 10000000 10199999 1
Chr4 10200000 10399999 4
Chr4 10400000 10599999 2
Chr4 10600000 10799999 2
Chr4 10800000 10999999 2
Chr4 11000000 11199999 5
Chr4 11200000 11399999 4
Chr4 11400000 11599999 2
Chr4 11600000 11799999 1
Chr4 11800000 11999999 2
Chr4 12000000 12199999 1
Chr4 12200000 12399999 5
Chr4 12400000 12599999 1
Chr4 12600000 12799999 2
Chr4 12800000 12999999 2
Chr4 13000000 13199999 2
Chr4 13200000 13399999 2
Chr4 13400000 13599999 1
Chr4 13600000 13799999 0
Chr4 13800000 13999999 1
Chr4 14000000 14199999 0
Chr4 14200000 14399999 2
Chr4 14400000 14599999 2
Chr4 14600000 14799999 0
Chr4 14800000 14999999 1
Chr4 15000000 15199999 3
Chr4 15200000 15399999 1
Chr4 15400000 15599999 3
Chr4 15600000 15799999 2
Chr4 15800000 15999999 1
Chr4 16000000 16199999 1
Chr4 16200000 16399999 3
Chr4 16400000 16599999 3
Chr4 16600000 16799999 2
Chr4 16800000 16999999 5
Chr4 17000000 17199999 2
Chr4 17200000 17399999 3
Chr4 17400000 17599999 2
Chr4 17600000 17799999 2
Chr4 17800000 17999999 2
Chr4 18000000 18199999 1
Chr4 18200000 18399999 1
Chr4 18400000 18599999 1
Chr4 18600000 18799999 1
Chr4 18800000 18999999 1
Chr4 19000000 19199999 1
Chr4 19200000 19399999 2
Chr4 19400000 19599999 0
Chr4 19600000 19799999 3
Chr4 19800000 19999999 2
Chr4 20000000 20199999 2
Chr4 20200000 20399999 3
Chr4 20400000 20599999 1
Chr4 20600000 20799999 2
Chr4 20800000 20999999 1
Chr4 21000000 21199999 2
Chr4 21200000 21399999 1
Chr4 21400000 21599999 0
Chr4 21600000 21799999 0
Chr4 21800000 21999999 0
Chr4 22000000 22199999 1
Chr4 22200000 22399999 3
Chr4 22400000 22599999 1
Chr4 22600000 22799999 1
Chr4 22800000 22999999 0
Chr4 23000000 23199999 4
Chr4 23200000 23399999 0
Chr4 23400000 23599999 0
Chr4 23600000 23799999 1
Chr4 23800000 23999999 0
Chr4 24000000 24199999 0
Chr4 24200000 24399999 1
Chr4 24400000 24599999 2
Chr4 24600000 24799999 1
Chr4 24800000 24999999 3
Chr4 25000000 25199999 1
Chr4 25200000 25399999 0
Chr4 25400000 25599999 0
Chr4 25600000 25799999 0
Chr4 25800000 25999999 0
Chr4 26000000 26199999 0
Chr4 26200000 26399999 3
Chr4 26400000 26599999 3
Chr4 26600000 26799999 2
Chr4 26800000 26999999 2
Chr4 27000000 27199999 1
Chr4 27200000 27399999 4
Chr4 27400000 27599999 4
Chr4 27600000 27799999 3
Chr4 27800000 27999999 0
Chr4 28000000 28199999 3
Chr4 28200000 28399999 0
Chr4 28400000 28599999 0
Chr4 28600000 28799999 0
Chr4 28800000 28999999 1
Chr4 29000000 29199999 2
Chr4 29200000 29399999 1
Chr4 29400000 29599999 1
Chr4 29600000 29799999 1
Chr4 29800000 29999999 3
Chr4 30000000 30199999 2
Chr4 30200000 30399999 1
Chr4 30400000 30599999 0
Chr4 30600000 30799999 3
Chr4 30800000 30999999 2
Chr4 31000000 31199999 2
Chr4 31200000 31399999 1
Chr4 31400000 31599999 2
Chr4 31600000 31799999 0
Chr4 31800000 31999999 2
Chr4 32000000 32199999 2
Chr4 32200000 32399999 2
Chr4 32400000 32599999 3
Chr4 32600000 32799999 1
Chr4 32800000 32999999 1
Chr4 33000000 33199999 4
Chr4 33200000 33399999 1
Chr4 33400000 33599999 2
Chr4 33600000 33799999 2
Chr4 33800000 33999999 2
Chr4 34000000 34199999 1
Chr4 34200000 34399999 5
Chr4 34400000 34599999 6
Chr4 34600000 34799999 2
Chr4 34800000 34999999 1
Chr4 35000000 35199999 1
Chr4 35200000 35399999 0
Chr4 35400000 35502694 1
Chr5 0 199999 2
Chr5 200000 399999 2
Chr5 400000 599999 2
Chr5 600000 799999 2
Chr5 800000 999999 0
Chr5 1000000 1199999 1
Chr5 1200000 1399999 2
Chr5 1400000 1599999 1
Chr5 1600000 1799999 1
Chr5 1800000 1999999 1
Chr5 2000000 2199999 1
Chr5 2200000 2399999 1
Chr5 2400000 2599999 1
Chr5 2600000 2799999 3
Chr5 2800000 2999999 0
Chr5 3000000 3199999 2
Chr5 3200000 3399999 2
Chr5 3400000 3599999 6
Chr5 3600000 3799999 0
Chr5 3800000 3999999 0
Chr5 4000000 4199999 3
Chr5 4200000 4399999 2
Chr5 4400000 4599999 1
Chr5 4600000 4799999 1
Chr5 4800000 4999999 1
Chr5 5000000 5199999 1
Chr5 5200000 5399999 2
Chr5 5400000 5599999 2
Chr5 5600000 5799999 1
Chr5 5800000 5999999 2
Chr5 6000000 6199999 1
Chr5 6200000 6399999 5
Chr5 6400000 6599999 4
Chr5 6600000 6799999 0
Chr5 6800000 6999999 0
Chr5 7000000 7199999 2
Chr5 7200000 7399999 2
Chr5 7400000 7599999 1
Chr5 7600000 7799999 2
Chr5 7800000 7999999 1
Chr5 8000000 8199999 3
Chr5 8200000 8399999 2
Chr5 8400000 8599999 1
Chr5 8600000 8799999 1
Chr5 8800000 8999999 1
Chr5 9000000 9199999 4
Chr5 9200000 9399999 3
Chr5 9400000 9599999 2
Chr5 9600000 9799999 3
Chr5 9800000 9999999 1
Chr5 10000000 10199999 2
Chr5 10200000 10399999 0
Chr5 10400000 10599999 2
Chr5 10600000 10799999 3
Chr5 10800000 10999999 1
Chr5 11000000 11199999 1
Chr5 11200000 11399999 1
Chr5 11400000 11599999 0
Chr5 11600000 11799999 3
Chr5 11800000 11999999 4
Chr5 12000000 12199999 2
Chr5 12200000 12399999 2
Chr5 12400000 12599999 1
Chr5 12600000 12799999 0
Chr5 12800000 12999999 2
Chr5 13000000 13199999 2
Chr5 13200000 13399999 3
Chr5 13400000 13599999 2
Chr5 13600000 13799999 0
Chr5 13800000 13999999 2
Chr5 14000000 14199999 1
Chr5 14200000 14399999 2
Chr5 14400000 14599999 5
Chr5 14600000 14799999 1
Chr5 14800000 14999999 1
Chr5 15000000 15199999 3
Chr5 15200000 15399999 5
Chr5 15400000 15599999 1
Chr5 15600000 15799999 3
Chr5 15800000 15999999 1
Chr5 16000000 16199999 4
Chr5 16200000 16399999 1
Chr5 16400000 16599999 1
Chr5 16600000 16799999 1
Chr5 16800000 16999999 3
Chr5 17000000 17199999 1
Chr5 17200000 17399999 1
Chr5 17400000 17599999 0
Chr5 17600000 17799999 3
Chr5 17800000 17999999 2
Chr5 18000000 18199999 2
Chr5 18200000 18399999 2
Chr5 18400000 18599999 2
Chr5 18600000 18799999 1
Chr5 18800000 18999999 0
Chr5 19000000 19199999 2
Chr5 19200000 19399999 2
Chr5 19400000 19599999 0
Chr5 19600000 19799999 2
Chr5 19800000 19999999 4
Chr5 20000000 20199999 1
Chr5 20200000 20399999 3
Chr5 20400000 20599999 0
Chr5 20600000 20799999 1
Chr5 20800000 20999999 1
Chr5 21000000 21199999 4
Chr5 21200000 21399999 2
Chr5 21400000 21599999 0
Chr5 21600000 21799999 0
Chr5 21800000 21999999 0
Chr5 22000000 22199999 1
Chr5 22200000 22399999 0
Chr5 22400000 22599999 3
Chr5 22600000 22799999 0
Chr5 22800000 22999999 1
Chr5 23000000 23199999 2
Chr5 23200000 23399999 0
Chr5 23400000 23599999 3
Chr5 23600000 23799999 1
Chr5 23800000 23999999 1
Chr5 24000000 24199999 1
Chr5 24200000 24399999 2
Chr5 24400000 24599999 2
Chr5 24600000 24799999 1
Chr5 24800000 24999999 2
Chr5 25000000 25199999 2
Chr5 25200000 25399999 3
Chr5 25400000 25599999 2
Chr5 25600000 25799999 1
Chr5 25800000 25999999 3
Chr5 26000000 26199999 2
Chr5 26200000 26399999 2
Chr5 26400000 26599999 1
Chr5 26600000 26799999 0
Chr5 26800000 26999999 2
Chr5 27000000 27199999 0
Chr5 27200000 27399999 0
Chr5 27400000 27599999 2
Chr5 27600000 27799999 2
Chr5 27800000 27999999 2
Chr5 28000000 28199999 0
Chr5 28200000 28399999 1
Chr5 28400000 28599999 0
Chr5 28600000 28799999 1
Chr5 28800000 28999999 0
Chr5 29000000 29199999 2
Chr5 29200000 29399999 2
Chr5 29400000 29599999 2
Chr5 29600000 29799999 6
Chr5 29800000 29958434 2
Chr6 0 199999 3
Chr6 200000 399999 0
Chr6 400000 599999 0
Chr6 600000 799999 1
Chr6 800000 999999 1
Chr6 1000000 1199999 1
Chr6 1200000 1399999 4
Chr6 1400000 1599999 2
Chr6 1600000 1799999 2
Chr6 1800000 1999999 3
Chr6 2000000 2199999 1
Chr6 2200000 2399999 3
Chr6 2400000 2599999 2
Chr6 2600000 2799999 1
Chr6 2800000 2999999 1
Chr6 3000000 3199999 4
Chr6 3200000 3399999 2
Chr6 3400000 3599999 3
Chr6 3600000 3799999 3
Chr6 3800000 3999999 1
Chr6 4000000 4199999 1
Chr6 4200000 4399999 1
Chr6 4400000 4599999 1
Chr6 4600000 4799999 1
Chr6 4800000 4999999 2
Chr6 5000000 5199999 1
Chr6 5200000 5399999 1
Chr6 5400000 5599999 1
Chr6 5600000 5799999 4
Chr6 5800000 5999999 1
Chr6 6000000 6199999 3
Chr6 6200000 6399999 1
Chr6 6400000 6599999 3
Chr6 6600000 6799999 1
Chr6 6800000 6999999 3
Chr6 7000000 7199999 4
Chr6 7200000 7399999 2
Chr6 7400000 7599999 2
Chr6 7600000 7799999 0
Chr6 7800000 7999999 2
Chr6 8000000 8199999 3
Chr6 8200000 8399999 2
Chr6 8400000 8599999 0
Chr6 8600000 8799999 3
Chr6 8800000 8999999 4
Chr6 9000000 9199999 2
Chr6 9200000 9399999 3
Chr6 9400000 9599999 2
Chr6 9600000 9799999 1
Chr6 9800000 9999999 0
Chr6 10000000 10199999 1
Chr6 10200000 10399999 0
Chr6 10400000 10599999 2
Chr6 10600000 10799999 1
Chr6 10800000 10999999 2
Chr6 11000000 11199999 2
Chr6 11200000 11399999 0
Chr6 11400000 11599999 4
Chr6 11600000 11799999 3
Chr6 11800000 11999999 2
Chr6 12000000 12199999 2
Chr6 12200000 12399999 4
Chr6 12400000 12599999 1
Chr6 12600000 12799999 1
Chr6 12800000 12999999 0
Chr6 13000000 13199999 1
Chr6 13200000 13399999 0
Chr6 13400000 13599999 2
Chr6 13600000 13799999 2
Chr6 13800000 13999999 3
Chr6 14000000 14199999 1
Chr6 14200000 14399999 2
Chr6 14400000 14599999 2
Chr6 14600000 14799999 0
Chr6 14800000 14999999 0
Chr6 15000000 15199999 0
Chr6 15200000 15399999 1
Chr6 15400000 15599999 2
Chr6 15600000 15799999 3
Chr6 15800000 15999999 0
Chr6 16000000 16199999 1
Chr6 16200000 16399999 2
Chr6 16400000 16599999 1
Chr6 16600000 16799999 2
Chr6 16800000 16999999 3
Chr6 17000000 17199999 3
Chr6 17200000 17399999 2
Chr6 17400000 17599999 2
Chr6 17600000 17799999 2
Chr6 17800000 17999999 2
Chr6 18000000 18199999 2
Chr6 18200000 18399999 2
Chr6 18400000 18599999 4
Chr6 18600000 18799999 3
Chr6 18800000 18999999 0
Chr6 19000000 19199999 3
Chr6 19200000 19399999 4
Chr6 19400000 19599999 3
Chr6 19600000 19799999 1
Chr6 19800000 19999999 3
Chr6 20000000 20199999 2
Chr6 20200000 20399999 2
Chr6 20400000 20599999 2
Chr6 20600000 20799999 2
Chr6 20800000 20999999 2
Chr6 21000000 21199999 0
Chr6 21200000 21399999 1
Chr6 21400000 21599999 2
Chr6 21600000 21799999 2
Chr6 21800000 21999999 4
Chr6 22000000 22199999 1
Chr6 22200000 22399999 3
Chr6 22400000 22599999 2
Chr6 22600000 22799999 2
Chr6 22800000 22999999 1
Chr6 23000000 23199999 1
Chr6 23200000 23399999 2
Chr6 23400000 23599999 2
Chr6 23600000 23799999 0
Chr6 23800000 23999999 0
Chr6 24000000 24199999 3
Chr6 24200000 24399999 1
Chr6 24400000 24599999 0
Chr6 24600000 24799999 2
Chr6 24800000 24999999 2
Chr6 25000000 25199999 0
Chr6 25200000 25399999 1
Chr6 25400000 25599999 1
Chr6 25600000 25799999 1
Chr6 25800000 25999999 0
Chr6 26000000 26199999 0
Chr6 26200000 26399999 4
Chr6 26400000 26599999 1
Chr6 26600000 26799999 5
Chr6 26800000 26999999 1
Chr6 27000000 27199999 2
Chr6 27200000 27399999 2
Chr6 27400000 27599999 1
Chr6 27600000 27799999 1
Chr6 27800000 27999999 2
Chr6 28000000 28199999 4
Chr6 28200000 28399999 6
Chr6 28400000 28599999 1
Chr6 28600000 28799999 3
Chr6 28800000 28999999 1
Chr6 29000000 29199999 1
Chr6 29200000 29399999 2
Chr6 29400000 29599999 1
Chr6 29600000 29799999 2
Chr6 29800000 29999999 2
Chr6 30000000 30199999 1
Chr6 30200000 30399999 4
Chr6 30400000 30599999 2
Chr6 30600000 30799999 3
Chr6 30800000 30999999 1
Chr6 31000000 31199999 0
Chr6 31200000 31248787 1
Chr7 0 199999 0
Chr7 200000 399999 1
Chr7 400000 599999 3
Chr7 600000 799999 3
Chr7 800000 999999 3
Chr7 1000000 1199999 3
Chr7 1200000 1399999 5
Chr7 1400000 1599999 0
Chr7 1600000 1799999 1
Chr7 1800000 1999999 1
Chr7 2000000 2199999 0
Chr7 2200000 2399999 1
Chr7 2400000 2599999 1
Chr7 2600000 2799999 0
Chr7 2800000 2999999 1
Chr7 3000000 3199999 1
Chr7 3200000 3399999 1
Chr7 3400000 3599999 1
Chr7 3600000 3799999 0
Chr7 3800000 3999999 2
Chr7 4000000 4199999 0
Chr7 4200000 4399999 2
Chr7 4400000 4599999 0
Chr7 4600000 4799999 3
Chr7 4800000 4999999 1
Chr7 5000000 5199999 4
Chr7 5200000 5399999 1
Chr7 5400000 5599999 5
Chr7 5600000 5799999 2
Chr7 5800000 5999999 1
Chr7 6000000 6199999 2
Chr7 6200000 6399999 1
Chr7 6400000 6599999 1
Chr7 6600000 6799999 0
Chr7 6800000 6999999 1
Chr7 7000000 7199999 0
Chr7 7200000 7399999 2
Chr7 7400000 7599999 3
Chr7 7600000 7799999 2
Chr7 7800000 7999999 0
Chr7 8000000 8199999 1
Chr7 8200000 8399999 0
Chr7 8400000 8599999 1
Chr7 8600000 8799999 1
Chr7 8800000 8999999 1
Chr7 9000000 9199999 2
Chr7 9200000 9399999 0
Chr7 9400000 9599999 1
Chr7 9600000 9799999 0
Chr7 9800000 9999999 3
Chr7 10000000 10199999 1
Chr7 10200000 10399999 0
Chr7 10400000 10599999 0
Chr7 10600000 10799999 5
Chr7 10800000 10999999 2
Chr7 11000000 11199999 1
Chr7 11200000 11399999 1
Chr7 11400000 11599999 3
Chr7 11600000 11799999 1
Chr7 11800000 11999999 0
Chr7 12000000 12199999 1
Chr7 12200000 12399999 2
Chr7 12400000 12599999 1
Chr7 12600000 12799999 0
Chr7 12800000 12999999 1
Chr7 13000000 13199999 3
Chr7 13200000 13399999 0
Chr7 13400000 13599999 1
Chr7 13600000 13799999 4
Chr7 13800000 13999999 0
Chr7 14000000 14199999 2
Chr7 14200000 14399999 1
Chr7 14400000 14599999 2
Chr7 14600000 14799999 3
Chr7 14800000 14999999 1
Chr7 15000000 15199999 3
Chr7 15200000 15399999 2
Chr7 15400000 15599999 2
Chr7 15600000 15799999 1
Chr7 15800000 15999999 2
Chr7 16000000 16199999 1
Chr7 16200000 16399999 1
Chr7 16400000 16599999 3
Chr7 16600000 16799999 0
Chr7 16800000 16999999 2
Chr7 17000000 17199999 2
Chr7 17200000 17399999 2
Chr7 17400000 17599999 2
Chr7 17600000 17799999 4
Chr7 17800000 17999999 2
Chr7 18000000 18199999 4
Chr7 18200000 18399999 2
Chr7 18400000 18599999 1
Chr7 18600000 18799999 2
Chr7 18800000 18999999 3
Chr7 19000000 19199999 2
Chr7 19200000 19399999 2
Chr7 19400000 19599999 3
Chr7 19600000 19799999 4
Chr7 19800000 19999999 2
Chr7 20000000 20199999 0
Chr7 20200000 20399999 1
Chr7 20400000 20599999 1
Chr7 20600000 20799999 1
Chr7 20800000 20999999 1
Chr7 21000000 21199999 2
Chr7 21200000 21399999 5
Chr7 21400000 21599999 0
Chr7 21600000 21799999 1
Chr7 21800000 21999999 1
Chr7 22000000 22199999 2
Chr7 22200000 22399999 1
Chr7 22400000 22599999 2
Chr7 22600000 22799999 5
Chr7 22800000 22999999 2
Chr7 23000000 23199999 1
Chr7 23200000 23399999 3
Chr7 23400000 23599999 0
Chr7 23600000 23799999 4
Chr7 23800000 23999999 1
Chr7 24000000 24199999 2
Chr7 24200000 24399999 2
Chr7 24400000 24599999 0
Chr7 24600000 24799999 1
Chr7 24800000 24999999 4
Chr7 25000000 25199999 5
Chr7 25200000 25399999 2
Chr7 25400000 25599999 3
Chr7 25600000 25799999 1
Chr7 25800000 25999999 1
Chr7 26000000 26199999 2
Chr7 26200000 26399999 1
Chr7 26400000 26599999 5
Chr7 26600000 26799999 2
Chr7 26800000 26999999 0
Chr7 27000000 27199999 3
Chr7 27200000 27399999 1
Chr7 27400000 27599999 4
Chr7 27600000 27799999 1
Chr7 27800000 27999999 2
Chr7 28000000 28199999 1
Chr7 28200000 28399999 1
Chr7 28400000 28599999 1
Chr7 28600000 28799999 1
Chr7 28800000 28999999 3
Chr7 29000000 29199999 0
Chr7 29200000 29399999 2
Chr7 29400000 29599999 0
Chr7 29600000 29697621 1
Chr8 0 199999 0
Chr8 200000 399999 2
Chr8 400000 599999 2
Chr8 600000 799999 2
Chr8 800000 999999 4
Chr8 1000000 1199999 1
Chr8 1200000 1399999 0
Chr8 1400000 1599999 3
Chr8 1600000 1799999 1
Chr8 1800000 1999999 2
Chr8 2000000 2199999 1
Chr8 2200000 2399999 2
Chr8 2400000 2599999 2
Chr8 2600000 2799999 2
Chr8 2800000 2999999 3
Chr8 3000000 3199999 2
Chr8 3200000 3399999 2
Chr8 3400000 3599999 1
Chr8 3600000 3799999 2
Chr8 3800000 3999999 2
Chr8 4000000 4199999 1
Chr8 4200000 4399999 3
Chr8 4400000 4599999 3
Chr8 4600000 4799999 3
Chr8 4800000 4999999 2
Chr8 5000000 5199999 0
Chr8 5200000 5399999 3
Chr8 5400000 5599999 4
Chr8 5600000 5799999 0
Chr8 5800000 5999999 3
Chr8 6000000 6199999 1
Chr8 6200000 6399999 6
Chr8 6400000 6599999 4
Chr8 6600000 6799999 2
Chr8 6800000 6999999 1
Chr8 7000000 7199999 6
Chr8 7200000 7399999 0
Chr8 7400000 7599999 2
Chr8 7600000 7799999 3
Chr8 7800000 7999999 0
Chr8 8000000 8199999 1
Chr8 8200000 8399999 1
Chr8 8400000 8599999 2
Chr8 8600000 8799999 1
Chr8 8800000 8999999 3
Chr8 9000000 9199999 3
Chr8 9200000 9399999 0
Chr8 9400000 9599999 3
Chr8 9600000 9799999 1
Chr8 9800000 9999999 4
Chr8 10000000 10199999 3
Chr8 10200000 10399999 3
Chr8 10400000 10599999 2
Chr8 10600000 10799999 2
Chr8 10800000 10999999 4
Chr8 11000000 11199999 0
Chr8 11200000 11399999 0
Chr8 11400000 11599999 2
Chr8 11600000 11799999 0
Chr8 11800000 11999999 1
Chr8 12000000 12199999 1
Chr8 12200000 12399999 1
Chr8 12400000 12599999 2
Chr8 12600000 12799999 1
Chr8 12800000 12999999 2
Chr8 13000000 13199999 2
Chr8 13200000 13399999 1
Chr8 13400000 13599999 1
Chr8 13600000 13799999 1
Chr8 13800000 13999999 1
Chr8 14000000 14199999 2
Chr8 14200000 14399999 1
Chr8 14400000 14599999 1
Chr8 14600000 14799999 1
Chr8 14800000 14999999 2
Chr8 15000000 15199999 2
Chr8 15200000 15399999 2
Chr8 15400000 15599999 3
Chr8 15600000 15799999 3
Chr8 15800000 15999999 1
Chr8 16000000 16199999 1
Chr8 16200000 16399999 0
Chr8 16400000 16599999 2
Chr8 16600000 16799999 3
Chr8 16800000 16999999 4
Chr8 17000000 17199999 4
Chr8 17200000 17399999 2
Chr8 17400000 17599999 1
Chr8 17600000 17799999 1
Chr8 17800000 17999999 3
Chr8 18000000 18199999 1
Chr8 18200000 18399999 0
Chr8 18400000 18599999 0
Chr8 18600000 18799999 4
Chr8 18800000 18999999 1
Chr8 19000000 19199999 1
Chr8 19200000 19399999 0
Chr8 19400000 19599999 3
Chr8 19600000 19799999 0
Chr8 19800000 19999999 3
Chr8 20000000 20199999 1
Chr8 20200000 20399999 1
Chr8 20400000 20599999 1
Chr8 20600000 20799999 2
Chr8 20800000 20999999 3
Chr8 21000000 21199999 2
Chr8 21200000 21399999 0
Chr8 21400000 21599999 2
Chr8 21600000 21799999 3
Chr8 21800000 21999999 1
Chr8 22000000 22199999 4
Chr8 22200000 22399999 3
Chr8 22400000 22599999 0
Chr8 22600000 22799999 1
Chr8 22800000 22999999 0
Chr8 23000000 23199999 4
Chr8 23200000 23399999 2
Chr8 23400000 23599999 0
Chr8 23600000 23799999 3
Chr8 23800000 23999999 1
Chr8 24000000 24199999 1
Chr8 24200000 24399999 4
Chr8 24400000 24599999 5
Chr8 24600000 24799999 1
Chr8 24800000 24999999 1
Chr8 25000000 25199999 2
Chr8 25200000 25399999 2
Chr8 25400000 25599999 3
Chr8 25600000 25799999 2
Chr8 25800000 25999999 3
Chr8 26000000 26199999 2
Chr8 26200000 26399999 1
Chr8 26400000 26599999 0
Chr8 26600000 26799999 2
Chr8 26800000 26999999 5
Chr8 27000000 27199999 2
Chr8 27200000 27399999 1
Chr8 27400000 27599999 2
Chr8 27600000 27799999 0
Chr8 27800000 27999999 2
Chr8 28000000 28199999 2
Chr8 28200000 28399999 1
Chr8 28400000 28443022 1
Chr9 0 199999 3
Chr9 200000 399999 2
Chr9 400000 599999 7
Chr9 600000 799999 0
Chr9 800000 999999 0
Chr9 1000000 1199999 3
Chr9 1200000 1399999 3
Chr9 1400000 1599999 2
Chr9 1600000 1799999 2
Chr9 1800000 1999999 3
Chr9 2000000 2199999 4
Chr9 2200000 2399999 1
Chr9 2400000 2599999 1
Chr9 2600000 2799999 4
Chr9 2800000 2999999 2
Chr9 3000000 3199999 1
Chr9 3200000 3399999 0
Chr9 3400000 3599999 4
Chr9 3600000 3799999 6
Chr9 3800000 3999999 0
Chr9 4000000 4199999 5
Chr9 4200000 4399999 3
Chr9 4400000 4599999 5
Chr9 4600000 4799999 1
Chr9 4800000 4999999 3
Chr9 5000000 5199999 1
Chr9 5200000 5399999 3
Chr9 5400000 5599999 1
Chr9 5600000 5799999 1
Chr9 5800000 5999999 2
Chr9 6000000 6199999 2
Chr9 6200000 6399999 2
Chr9 6400000 6599999 2
Chr9 6600000 6799999 6
Chr9 6800000 6999999 1
Chr9 7000000 7199999 2
Chr9 7200000 7399999 0
Chr9 7400000 7599999 2
Chr9 7600000 7799999 5
Chr9 7800000 7999999 7
Chr9 8000000 8199999 0
Chr9 8200000 8399999 3
Chr9 8400000 8599999 1
Chr9 8600000 8799999 3
Chr9 8800000 8999999 1
Chr9 9000000 9199999 1
Chr9 9200000 9399999 4
Chr9 9400000 9599999 3
Chr9 9600000 9799999 5
Chr9 9800000 9999999 1
Chr9 10000000 10199999 1
Chr9 10200000 10399999 2
Chr9 10400000 10599999 4
Chr9 10600000 10799999 2
Chr9 10800000 10999999 1
Chr9 11000000 11199999 3
Chr9 11200000 11399999 5
Chr9 11400000 11599999 5
Chr9 11600000 11799999 2
Chr9 11800000 11999999 1
Chr9 12000000 12199999 2
Chr9 12200000 12399999 1
Chr9 12400000 12599999 3
Chr9 12600000 12799999 2
Chr9 12800000 12999999 1
Chr9 13000000 13199999 2
Chr9 13200000 13399999 1
Chr9 13400000 13599999 3
Chr9 13600000 13799999 4
Chr9 13800000 13999999 0
Chr9 14000000 14199999 1
Chr9 14200000 14399999 2
Chr9 14400000 14599999 0
Chr9 14600000 14799999 3
Chr9 14800000 14999999 3
Chr9 15000000 15199999 0
Chr9 15200000 15399999 3
Chr9 15400000 15599999 1
Chr9 15600000 15799999 2
Chr9 15800000 15999999 3
Chr9 16000000 16199999 2
Chr9 16200000 16399999 2
Chr9 16400000 16599999 1
Chr9 16600000 16799999 3
Chr9 16800000 16999999 1
Chr9 17000000 17199999 1
Chr9 17200000 17399999 2
Chr9 17400000 17599999 1
Chr9 17600000 17799999 0
Chr9 17800000 17999999 2
Chr9 18000000 18199999 2
Chr9 18200000 18399999 2
Chr9 18400000 18599999 3
Chr9 18600000 18799999 6
Chr9 18800000 18999999 1
Chr9 19000000 19199999 0
Chr9 19200000 19399999 8
Chr9 19400000 19599999 4
Chr9 19600000 19799999 3
Chr9 19800000 19999999 2
Chr9 20000000 20199999 2
Chr9 20200000 20399999 5
Chr9 20400000 20599999 3
Chr9 20600000 20799999 2
Chr9 20800000 20999999 3
Chr9 21000000 21199999 4
Chr9 21200000 21399999 3
Chr9 21400000 21599999 2
Chr9 21600000 21799999 1
Chr9 21800000 21999999 2
Chr9 22000000 22199999 3
Chr9 22200000 22399999 1
Chr9 22400000 22599999 2
Chr9 22600000 22799999 3
Chr9 22800000 22999999 1
Chr9 23000000 23012720 0
