Chr1 0 199999 73
Chr1 200000 399999 62
Chr1 400000 599999 81
Chr1 600000 799999 72
Chr1 800000 999999 45
Chr1 1000000 1199999 87
Chr1 1200000 1399999 63
Chr1 1400000 1599999 48
Chr1 1600000 1799999 110
Chr1 1800000 1999999 104
Chr1 2000000 2199999 105
Chr1 2200000 2399999 74
Chr1 2400000 2599999 81
Chr1 2600000 2799999 85
Chr1 2800000 2999999 54
Chr1 3000000 3199999 70
Chr1 3200000 3399999 49
Chr1 3400000 3599999 71
Chr1 3600000 3799999 79
Chr1 3800000 3999999 72
Chr1 4000000 4199999 103
Chr1 4200000 4399999 69
Chr1 4400000 4599999 62
Chr1 4600000 4799999 76
Chr1 4800000 4999999 101
Chr1 5000000 5199999 67
Chr1 5200000 5399999 76
Chr1 5400000 5599999 62
Chr1 5600000 5799999 72
Chr1 5800000 5999999 62
Chr1 6000000 6199999 84
Chr1 6200000 6399999 92
Chr1 6400000 6599999 66
Chr1 6600000 6799999 92
Chr1 6800000 6999999 82
Chr1 7000000 7199999 80
Chr1 7200000 7399999 75
Chr1 7400000 7599999 76
Chr1 7600000 7799999 85
Chr1 7800000 7999999 44
Chr1 8000000 8199999 61
Chr1 8200000 8399999 59
Chr1 8400000 8599999 84
Chr1 8600000 8799999 59
Chr1 8800000 8999999 43
Chr1 9000000 9199999 66
Chr1 9200000 9399999 56
Chr1 9400000 9599999 43
Chr1 9600000 9799999 64
Chr1 9800000 9999999 54
Chr1 10000000 10199999 51
Chr1 10200000 10399999 67
Chr1 10400000 10599999 76
Chr1 10600000 10799999 36
Chr1 10800000 10999999 51
Chr1 11000000 11199999 39
Chr1 11200000 11399999 50
Chr1 11400000 11599999 21
Chr1 11600000 11799999 78
Chr1 11800000 11999999 43
Chr1 12000000 12199999 29
Chr1 12200000 12399999 51
Chr1 12400000 12599999 26
Chr1 12600000 12799999 45
Chr1 12800000 12999999 43
Chr1 13000000 13199999 11
Chr1 13200000 13399999 41
Chr1 13400000 13599999 45
Chr1 13600000 13799999 10
Chr1 13800000 13999999 38
Chr1 14000000 14199999 20
Chr1 14200000 14399999 38
Chr1 14400000 14599999 35
Chr1 14600000 14799999 78
Chr1 14800000 14999999 25
Chr1 15000000 15199999 21
Chr1 15200000 15399999 25
Chr1 15400000 15599999 29
Chr1 15600000 15799999 16
Chr1 15800000 15999999 12
Chr1 16000000 16199999 29
Chr1 16200000 16399999 31
Chr1 16400000 16599999 24
Chr1 16600000 16799999 16
Chr1 16800000 16999999 18
Chr1 17000000 17199999 23
Chr1 17200000 17399999 32
Chr1 17400000 17599999 48
Chr1 17600000 17799999 44
Chr1 17800000 17999999 44
Chr1 18000000 18199999 48
Chr1 18200000 18399999 25
Chr1 18400000 18599999 22
Chr1 18600000 18799999 35
Chr1 18800000 18999999 28
Chr1 19000000 19199999 48
Chr1 19200000 19399999 27
Chr1 19400000 19599999 30
Chr1 19600000 19799999 13
Chr1 19800000 19999999 36
Chr1 20000000 20199999 36
Chr1 20200000 20399999 40
Chr1 20400000 20599999 28
Chr1 20600000 20799999 48
Chr1 20800000 20999999 38
Chr1 21000000 21199999 54
Chr1 21200000 21399999 61
Chr1 21400000 21599999 33
Chr1 21600000 21799999 51
Chr1 21800000 21999999 72
Chr1 22000000 22199999 57
Chr1 22200000 22399999 42
Chr1 22400000 22599999 59
Chr1 22600000 22799999 56
Chr1 22800000 22999999 58
Chr1 23000000 23199999 42
Chr1 23200000 23399999 50
Chr1 23400000 23599999 41
Chr1 23600000 23799999 71
Chr1 23800000 23999999 79
Chr1 24000000 24199999 57
Chr1 24200000 24399999 61
Chr1 24400000 24599999 56
Chr1 24600000 24799999 62
Chr1 24800000 24999999 98
Chr1 25000000 25199999 78
Chr1 25200000 25399999 40
Chr1 25400000 25599999 51
Chr1 25600000 25799999 87
Chr1 25800000 25999999 56
Chr1 26000000 26199999 91
Chr1 26200000 26399999 51
Chr1 26400000 26599999 55
Chr1 26600000 26799999 75
Chr1 26800000 26999999 44
Chr1 27000000 27199999 92
Chr1 27200000 27399999 74
Chr1 27400000 27599999 55
Chr1 27600000 27799999 90
Chr1 27800000 27999999 62
Chr1 28000000 28199999 83
Chr1 28200000 28399999 76
Chr1 28400000 28599999 113
Chr1 28600000 28799999 87
Chr1 28800000 28999999 93
Chr1 29000000 29199999 51
Chr1 29200000 29399999 87
Chr1 29400000 29599999 89
Chr1 29600000 29799999 53
Chr1 29800000 29999999 110
Chr1 30000000 30199999 68
Chr1 30200000 30399999 77
Chr1 30400000 30599999 93
Chr1 30600000 30799999 62
Chr1 30800000 30999999 102
Chr1 31000000 31199999 57
Chr1 31200000 31399999 95
Chr1 31400000 31599999 74
Chr1 31600000 31799999 77
Chr1 31800000 31999999 72
Chr1 32000000 32199999 62
Chr1 32200000 32399999 77
Chr1 32400000 32599999 68
Chr1 32600000 32799999 61
Chr1 32800000 32999999 65
Chr1 33000000 33199999 56
Chr1 33200000 33399999 97
Chr1 33400000 33599999 71
Chr1 33600000 33799999 93
Chr1 33800000 33999999 61
Chr1 34000000 34199999 76
Chr1 34200000 34399999 54
Chr1 34400000 34599999 90
Chr1 34600000 34799999 87
Chr1 34800000 34999999 86
Chr1 35000000 35199999 108
Chr1 35200000 35399999 58
Chr1 35400000 35599999 79
Chr1 35600000 35799999 70
Chr1 35800000 35999999 81
Chr1 36000000 36199999 89
Chr1 36200000 36399999 72
Chr1 36400000 36599999 63
Chr1 36600000 36799999 110
Chr1 36800000 36999999 57
Chr1 37000000 37199999 86
Chr1 37200000 37399999 76
Chr1 37400000 37599999 85
Chr1 37600000 37799999 96
Chr1 37800000 37999999 103
Chr1 38000000 38199999 119
Chr1 38200000 38399999 104
Chr1 38400000 38599999 93
Chr1 38600000 38799999 87
Chr1 38800000 38999999 79
Chr1 39000000 39199999 104
Chr1 39200000 39399999 90
Chr1 39400000 39599999 87
Chr1 39600000 39799999 55
Chr1 39800000 39999999 93
Chr1 40000000 40199999 94
Chr1 40200000 40399999 101
Chr1 40400000 40599999 107
Chr1 40600000 40799999 100
Chr1 40800000 40999999 84
Chr1 41000000 41199999 86
Chr1 41200000 41399999 76
Chr1 41400000 41599999 35
Chr1 41600000 41799999 55
Chr1 41800000 41999999 116
Chr1 42000000 42199999 100
Chr1 42200000 42399999 82
Chr1 42400000 42599999 74
Chr1 42600000 42799999 60
Chr1 42800000 42999999 59
Chr1 43000000 43199999 69
Chr1 43200000 43270923 14
Chr10 0 199999 50
Chr10 200000 399999 44
Chr10 400000 599999 24
Chr10 600000 799999 32
Chr10 800000 999999 68
Chr10 1000000 1199999 31
Chr10 1200000 1399999 32
Chr10 1400000 1599999 26
Chr10 1600000 1799999 42
Chr10 1800000 1999999 30
Chr10 2000000 2199999 43
Chr10 2200000 2399999 37
Chr10 2400000 2599999 48
Chr10 2600000 2799999 31
Chr10 2800000 2999999 49
Chr10 3000000 3199999 23
Chr10 3200000 3399999 9
Chr10 3400000 3599999 29
Chr10 3600000 3799999 41
Chr10 3800000 3999999 73
Chr10 4000000 4199999 3
Chr10 4200000 4399999 29
Chr10 4400000 4599999 34
Chr10 4600000 4799999 29
Chr10 4800000 4999999 29
Chr10 5000000 5199999 7
Chr10 5200000 5399999 24
Chr10 5400000 5599999 38
Chr10 5600000 5799999 24
Chr10 5800000 5999999 10
Chr10 6000000 6199999 38
Chr10 6200000 6399999 15
Chr10 6400000 6599999 13
Chr10 6600000 6799999 17
Chr10 6800000 6999999 10
Chr10 7000000 7199999 10
Chr10 7200000 7399999 15
Chr10 7400000 7599999 48
Chr10 7600000 7799999 24
Chr10 7800000 7999999 10
Chr10 8000000 8199999 1
Chr10 8200000 8399999 7
Chr10 8400000 8599999 19
Chr10 8600000 8799999 10
Chr10 8800000 8999999 22
Chr10 9000000 9199999 14
Chr10 9200000 9399999 26
Chr10 9400000 9599999 5
Chr10 9600000 9799999 19
Chr10 9800000 9999999 37
Chr10 10000000 10199999 26
Chr10 10200000 10399999 24
Chr10 10400000 10599999 16
Chr10 10600000 10799999 20
Chr10 10800000 10999999 19
Chr10 11000000 11199999 24
Chr10 11200000 11399999 53
Chr10 11400000 11599999 26
Chr10 11600000 11799999 61
Chr10 11800000 11999999 61
Chr10 12000000 12199999 45
Chr10 12200000 12399999 16
Chr10 12400000 12599999 4
Chr10 12600000 12799999 17
Chr10 12800000 12999999 41
Chr10 13000000 13199999 67
Chr10 13200000 13399999 53
Chr10 13400000 13599999 30
Chr10 13600000 13799999 26
Chr10 13800000 13999999 83
Chr10 14000000 14199999 18
Chr10 14200000 14399999 30
Chr10 14400000 14599999 76
Chr10 14600000 14799999 77
Chr10 14800000 14999999 62
Chr10 15000000 15199999 22
Chr10 15200000 15399999 56
Chr10 15400000 15599999 32
Chr10 15600000 15799999 33
Chr10 15800000 15999999 68
Chr10 16000000 16199999 59
Chr10 16200000 16399999 38
Chr10 16400000 16599999 24
Chr10 16600000 16799999 51
Chr10 16800000 16999999 31
Chr10 17000000 17199999 72
Chr10 17200000 17399999 48
Chr10 17400000 17599999 72
Chr10 17600000 17799999 78
Chr10 17800000 17999999 66
Chr10 18000000 18199999 95
Chr10 18200000 18399999 72
Chr10 18400000 18599999 76
Chr10 18600000 18799999 90
Chr10 18800000 18999999 54
Chr10 19000000 19199999 103
Chr10 19200000 19399999 79
Chr10 19400000 19599999 72
Chr10 19600000 19799999 95
Chr10 19800000 19999999 122
Chr10 20000000 20199999 75
Chr10 20200000 20399999 100
Chr10 20400000 20599999 60
Chr10 20600000 20799999 102
Chr10 20800000 20999999 80
Chr10 21000000 21199999 92
Chr10 21200000 21399999 86
Chr10 21400000 21599999 44
Chr10 21600000 21799999 111
Chr10 21800000 21999999 91
Chr10 22000000 22199999 131
Chr10 22200000 22399999 79
Chr10 22400000 22599999 80
Chr10 22600000 22799999 82
Chr10 22800000 22999999 79
Chr10 23000000 23199999 92
Chr10 23200000 23207287 0
Chr11 0 199999 32
Chr11 200000 399999 48
Chr11 400000 599999 44
Chr11 600000 799999 67
Chr11 800000 999999 42
Chr11 1000000 1199999 35
Chr11 1200000 1399999 58
Chr11 1400000 1599999 35
Chr11 1600000 1799999 38
Chr11 1800000 1999999 39
Chr11 2000000 2199999 56
Chr11 2200000 2399999 91
Chr11 2400000 2599999 93
Chr11 2600000 2799999 69
Chr11 2800000 2999999 64
Chr11 3000000 3199999 54
Chr11 3200000 3399999 50
Chr11 3400000 3599999 50
Chr11 3600000 3799999 36
Chr11 3800000 3999999 38
Chr11 4000000 4199999 69
Chr11 4200000 4399999 55
Chr11 4400000 4599999 29
Chr11 4600000 4799999 43
Chr11 4800000 4999999 53
Chr11 5000000 5199999 47
Chr11 5200000 5399999 48
Chr11 5400000 5599999 59
Chr11 5600000 5799999 48
Chr11 5800000 5999999 34
Chr11 6000000 6199999 38
Chr11 6200000 6399999 43
Chr11 6400000 6599999 27
Chr11 6600000 6799999 47
Chr11 6800000 6999999 35
Chr11 7000000 7199999 32
Chr11 7200000 7399999 29
Chr11 7400000 7599999 34
Chr11 7600000 7799999 57
Chr11 7800000 7999999 81
Chr11 8000000 8199999 30
Chr11 8200000 8399999 17
Chr11 8400000 8599999 32
Chr11 8600000 8799999 32
Chr11 8800000 8999999 41
Chr11 9000000 9199999 40
Chr11 9200000 9399999 11
Chr11 9400000 9599999 20
Chr11 9600000 9799999 30
Chr11 9800000 9999999 20
Chr11 10000000 10199999 40
Chr11 10200000 10399999 17
Chr11 10400000 10599999 23
Chr11 10600000 10799999 30
Chr11 10800000 10999999 24
Chr11 11000000 11199999 20
Chr11 11200000 11399999 31
Chr11 11400000 11599999 16
Chr11 11600000 11799999 25
Chr11 11800000 11999999 32
Chr11 12000000 12199999 5
Chr11 12200000 12399999 0
Chr11 12400000 12599999 7
Chr11 12600000 12799999 9
Chr11 12800000 12999999 19
Chr11 13000000 13199999 4
Chr11 13200000 13399999 12
Chr11 13400000 13599999 13
Chr11 13600000 13799999 37
Chr11 13800000 13999999 21
Chr11 14000000 14199999 26
Chr11 14200000 14399999 25
Chr11 14400000 14599999 33
Chr11 14600000 14799999 45
Chr11 14800000 14999999 36
Chr11 15000000 15199999 12
Chr11 15200000 15399999 20
Chr11 15400000 15599999 44
Chr11 15600000 15799999 15
Chr11 15800000 15999999 29
Chr11 16000000 16199999 15
Chr11 16200000 16399999 62
Chr11 16400000 16599999 33
Chr11 16600000 16799999 20
Chr11 16800000 16999999 49
Chr11 17000000 17199999 42
Chr11 17200000 17399999 59
Chr11 17400000 17599999 18
Chr11 17600000 17799999 44
Chr11 17800000 17999999 28
Chr11 18000000 18199999 31
Chr11 18200000 18399999 14
Chr11 18400000 18599999 25
Chr11 18600000 18799999 26
Chr11 18800000 18999999 47
Chr11 19000000 19199999 42
Chr11 19200000 19399999 32
Chr11 19400000 19599999 47
Chr11 19600000 19799999 60
Chr11 19800000 19999999 55
Chr11 20000000 20199999 55
Chr11 20200000 20399999 41
Chr11 20400000 20599999 53
Chr11 20600000 20799999 40
Chr11 20800000 20999999 19
Chr11 21000000 21199999 29
Chr11 21200000 21399999 41
Chr11 21400000 21599999 25
Chr11 21600000 21799999 21
Chr11 21800000 21999999 37
Chr11 22000000 22199999 41
Chr11 22200000 22399999 46
Chr11 22400000 22599999 45
Chr11 22600000 22799999 29
Chr11 22800000 22999999 31
Chr11 23000000 23199999 37
Chr11 23200000 23399999 75
Chr11 23400000 23599999 50
Chr11 23600000 23799999 36
Chr11 23800000 23999999 54
Chr11 24000000 24199999 50
Chr11 24200000 24399999 36
Chr11 24400000 24599999 22
Chr11 24600000 24799999 24
Chr11 24800000 24999999 33
Chr11 25000000 25199999 28
Chr11 25200000 25399999 42
Chr11 25400000 25599999 41
Chr11 25600000 25799999 30
Chr11 25800000 25999999 21
Chr11 26000000 26199999 12
Chr11 26200000 26399999 20
Chr11 26400000 26599999 54
Chr11 26600000 26799999 28
Chr11 26800000 26999999 39
Chr11 27000000 27199999 39
Chr11 27200000 27399999 32
Chr11 27400000 27599999 27
Chr11 27600000 27799999 48
Chr11 27800000 27999999 26
Chr11 28000000 28199999 26
Chr11 28200000 28399999 35
Chr11 28400000 28599999 33
Chr11 28600000 28799999 44
Chr11 28800000 28999999 85
Chr11 29000000 29021106 2
Chr12 0 199999 26
Chr12 200000 399999 51
Chr12 400000 599999 50
Chr12 600000 799999 65
Chr12 800000 999999 63
Chr12 1000000 1199999 55
Chr12 1200000 1399999 56
Chr12 1400000 1599999 44
Chr12 1600000 1799999 41
Chr12 1800000 1999999 46
Chr12 2000000 2199999 45
Chr12 2200000 2399999 62
Chr12 2400000 2599999 65
Chr12 2600000 2799999 63
Chr12 2800000 2999999 75
Chr12 3000000 3199999 64
Chr12 3200000 3399999 52
Chr12 3400000 3599999 74
Chr12 3600000 3799999 75
Chr12 3800000 3999999 50
Chr12 4000000 4199999 45
Chr12 4200000 4399999 22
Chr12 4400000 4599999 97
Chr12 4600000 4799999 50
Chr12 4800000 4999999 31
Chr12 5000000 5199999 52
Chr12 5200000 5399999 21
Chr12 5400000 5599999 36
Chr12 5600000 5799999 65
Chr12 5800000 5999999 24
Chr12 6000000 6199999 15
Chr12 6200000 6399999 24
Chr12 6400000 6599999 42
Chr12 6600000 6799999 62
Chr12 6800000 6999999 45
Chr12 7000000 7199999 44
Chr12 7200000 7399999 36
Chr12 7400000 7599999 44
Chr12 7600000 7799999 46
Chr12 7800000 7999999 50
Chr12 8000000 8199999 15
Chr12 8200000 8399999 47
Chr12 8400000 8599999 33
Chr12 8600000 8799999 21
Chr12 8800000 8999999 40
Chr12 9000000 9199999 11
Chr12 9200000 9399999 40
Chr12 9400000 9599999 40
Chr12 9600000 9799999 15
Chr12 9800000 9999999 18
Chr12 10000000 10199999 21
Chr12 10200000 10399999 21
Chr12 10400000 10599999 25
Chr12 10600000 10799999 34
Chr12 10800000 10999999 40
Chr12 11000000 11199999 25
Chr12 11200000 11399999 50
Chr12 11400000 11599999 8
Chr12 11600000 11799999 8
Chr12 11800000 11999999 23
Chr12 12000000 12199999 18
Chr12 12200000 12399999 29
Chr12 12400000 12599999 34
Chr12 12600000 12799999 11
Chr12 12800000 12999999 20
Chr12 13000000 13199999 43
Chr12 13200000 13399999 77
Chr12 13400000 13599999 43
Chr12 13600000 13799999 27
Chr12 13800000 13999999 21
Chr12 14000000 14199999 19
Chr12 14200000 14399999 11
Chr12 14400000 14599999 34
Chr12 14600000 14799999 39
Chr12 14800000 14999999 30
Chr12 15000000 15199999 16
Chr12 15200000 15399999 19
Chr12 15400000 15599999 19
Chr12 15600000 15799999 15
Chr12 15800000 15999999 22
Chr12 16000000 16199999 32
Chr12 16200000 16399999 8
Chr12 16400000 16599999 16
Chr12 16600000 16799999 14
Chr12 16800000 16999999 26
Chr12 17000000 17199999 15
Chr12 17200000 17399999 31
Chr12 17400000 17599999 42
Chr12 17600000 17799999 42
Chr12 17800000 17999999 27
Chr12 18000000 18199999 11
Chr12 18200000 18399999 31
Chr12 18400000 18599999 19
Chr12 18600000 18799999 10
Chr12 18800000 18999999 29
Chr12 19000000 19199999 42
Chr12 19200000 19399999 8
Chr12 19400000 19599999 44
Chr12 19600000 19799999 44
Chr12 19800000 19999999 47
Chr12 20000000 20199999 35
Chr12 20200000 20399999 10
Chr12 20400000 20599999 102
Chr12 20600000 20799999 115
Chr12 20800000 20999999 40
Chr12 21000000 21199999 10
Chr12 21200000 21399999 31
Chr12 21400000 21599999 33
Chr12 21600000 21799999 26
Chr12 21800000 21999999 14
Chr12 22000000 22199999 31
Chr12 22200000 22399999 28
Chr12 22400000 22599999 60
Chr12 22600000 22799999 27
Chr12 22800000 22999999 50
Chr12 23000000 23199999 52
Chr12 23200000 23399999 64
Chr12 23400000 23599999 61
Chr12 23600000 23799999 56
Chr12 23800000 23999999 58
Chr12 24000000 24199999 69
Chr12 24200000 24399999 47
Chr12 24400000 24599999 57
Chr12 24600000 24799999 46
Chr12 24800000 24999999 48
Chr12 25000000 25199999 59
Chr12 25200000 25399999 57
Chr12 25400000 25599999 68
Chr12 25600000 25799999 91
Chr12 25800000 25999999 77
Chr12 26000000 26199999 67
Chr12 26200000 26399999 75
Chr12 26400000 26599999 47
Chr12 26600000 26799999 84
Chr12 26800000 26999999 33
Chr12 27000000 27199999 90
Chr12 27200000 27399999 81
Chr12 27400000 27531856 44
Chr2 0 199999 61
Chr2 200000 399999 67
Chr2 400000 599999 62
Chr2 600000 799999 62
Chr2 800000 999999 75
Chr2 1000000 1199999 113
Chr2 1200000 1399999 60
Chr2 1400000 1599999 66
Chr2 1600000 1799999 66
Chr2 1800000 1999999 54
Chr2 2000000 2199999 77
Chr2 2200000 2399999 42
Chr2 2400000 2599999 28
Chr2 2600000 2799999 80
Chr2 2800000 2999999 76
Chr2 3000000 3199999 61
Chr2 3200000 3399999 71
Chr2 3400000 3599999 88
Chr2 3600000 3799999 65
Chr2 3800000 3999999 32
Chr2 4000000 4199999 86
Chr2 4200000 4399999 83
Chr2 4400000 4599999 83
Chr2 4600000 4799999 73
Chr2 4800000 4999999 98
Chr2 5000000 5199999 66
Chr2 5200000 5399999 59
Chr2 5400000 5599999 91
Chr2 5600000 5799999 98
Chr2 5800000 5999999 61
Chr2 6000000 6199999 61
Chr2 6200000 6399999 24
Chr2 6400000 6599999 73
Chr2 6600000 6799999 73
Chr2 6800000 6999999 87
Chr2 7000000 7199999 56
Chr2 7200000 7399999 80
Chr2 7400000 7599999 74
Chr2 7600000 7799999 67
Chr2 7800000 7999999 31
Chr2 8000000 8199999 56
Chr2 8200000 8399999 55
Chr2 8400000 8599999 59
Chr2 8600000 8799999 58
Chr2 8800000 8999999 57
Chr2 9000000 9199999 36
Chr2 9200000 9399999 16
Chr2 9400000 9599999 50
Chr2 9600000 9799999 20
Chr2 9800000 9999999 69
Chr2 10000000 10199999 43
Chr2 10200000 10399999 44
Chr2 10400000 10599999 36
Chr2 10600000 10799999 45
Chr2 10800000 10999999 28
Chr2 11000000 11199999 42
Chr2 11200000 11399999 19
Chr2 11400000 11599999 47
Chr2 11600000 11799999 24
Chr2 11800000 11999999 14
Chr2 12000000 12199999 45
Chr2 12200000 12399999 18
Chr2 12400000 12599999 48
Chr2 12600000 12799999 36
Chr2 12800000 12999999 40
Chr2 13000000 13199999 48
Chr2 13200000 13399999 37
Chr2 13400000 13599999 16
Chr2 13600000 13799999 11
Chr2 13800000 13999999 35
Chr2 14000000 14199999 13
Chr2 14200000 14399999 22
Chr2 14400000 14599999 19
Chr2 14600000 14799999 15
Chr2 14800000 14999999 15
Chr2 15000000 15199999 21
Chr2 15200000 15399999 22
Chr2 15400000 15599999 36
Chr2 15600000 15799999 52
Chr2 15800000 15999999 42
Chr2 16000000 16199999 61
Chr2 16200000 16399999 47
Chr2 16400000 16599999 25
Chr2 16600000 16799999 46
Chr2 16800000 16999999 36
Chr2 17000000 17199999 37
Chr2 17200000 17399999 14
Chr2 17400000 17599999 44
Chr2 17600000 17799999 17
Chr2 17800000 17999999 48
Chr2 18000000 18199999 53
Chr2 18200000 18399999 38
Chr2 18400000 18599999 59
Chr2 18600000 18799999 76
Chr2 18800000 18999999 46
Chr2 19000000 19199999 63
Chr2 19200000 19399999 78
Chr2 19400000 19599999 69
Chr2 19600000 19799999 78
Chr2 19800000 19999999 49
Chr2 20000000 20199999 72
Chr2 20200000 20399999 9
Chr2 20400000 20599999 17
Chr2 20600000 20799999 63
Chr2 20800000 20999999 63
Chr2 21000000 21199999 78
Chr2 21200000 21399999 46
Chr2 21400000 21599999 67
Chr2 21600000 21799999 40
Chr2 21800000 21999999 72
Chr2 22000000 22199999 60
Chr2 22200000 22399999 93
Chr2 22400000 22599999 76
Chr2 22600000 22799999 50
Chr2 22800000 22999999 85
Chr2 23000000 23199999 93
Chr2 23200000 23399999 18
Chr2 23400000 23599999 68
Chr2 23600000 23799999 60
Chr2 23800000 23999999 60
Chr2 24000000 24199999 72
Chr2 24200000 24399999 62
Chr2 24400000 24599999 36
Chr2 24600000 24799999 60
Chr2 24800000 24999999 78
Chr2 25000000 25199999 66
Chr2 25200000 25399999 52
Chr2 25400000 25599999 88
Chr2 25600000 25799999 91
Chr2 25800000 25999999 59
Chr2 26000000 26199999 96
Chr2 26200000 26399999 100
Chr2 26400000 26599999 86
Chr2 26600000 26799999 65
Chr2 26800000 26999999 39
Chr2 27000000 27199999 95
Chr2 27200000 27399999 79
Chr2 27400000 27599999 68
Chr2 27600000 27799999 75
Chr2 27800000 27999999 63
Chr2 28000000 28199999 66
Chr2 28200000 28399999 93
Chr2 28400000 28599999 92
Chr2 28600000 28799999 86
Chr2 28800000 28999999 84
Chr2 29000000 29199999 64
Chr2 29200000 29399999 68
Chr2 29400000 29599999 72
Chr2 29600000 29799999 69
Chr2 29800000 29999999 103
Chr2 30000000 30199999 72
Chr2 30200000 30399999 94
Chr2 30400000 30599999 94
Chr2 30600000 30799999 91
Chr2 30800000 30999999 101
Chr2 31000000 31199999 70
Chr2 31200000 31399999 76
Chr2 31400000 31599999 96
Chr2 31600000 31799999 91
Chr2 31800000 31999999 79
Chr2 32000000 32199999 79
Chr2 32200000 32399999 59
Chr2 32400000 32599999 76
Chr2 32600000 32799999 93
Chr2 32800000 32999999 76
Chr2 33000000 33199999 69
Chr2 33200000 33399999 44
Chr2 33400000 33599999 105
Chr2 33600000 33799999 87
Chr2 33800000 33999999 67
Chr2 34000000 34199999 60
Chr2 34200000 34399999 80
Chr2 34400000 34599999 91
Chr2 34600000 34799999 50
Chr2 34800000 34999999 69
Chr2 35000000 35199999 107
Chr2 35200000 35399999 138
Chr2 35400000 35599999 74
Chr2 35600000 35799999 69
Chr2 35800000 35937250 29
Chr3 0 199999 61
Chr3 200000 399999 50
Chr3 400000 599999 65
Chr3 600000 799999 94
Chr3 800000 999999 104
Chr3 1000000 1199999 94
Chr3 1200000 1399999 84
Chr3 1400000 1599999 105
Chr3 1600000 1799999 113
Chr3 1800000 1999999 91
Chr3 2000000 2199999 111
Chr3 2200000 2399999 74
Chr3 2400000 2599999 77
Chr3 2600000 2799999 77
Chr3 2800000 2999999 74
Chr3 3000000 3199999 97
Chr3 3200000 3399999 94
Chr3 3400000 3599999 49
Chr3 3600000 3799999 93
Chr3 3800000 3999999 69
Chr3 4000000 4199999 119
Chr3 4200000 4399999 112
Chr3 4400000 4599999 76
Chr3 4600000 4799999 122
Chr3 4800000 4999999 95
Chr3 5000000 5199999 121
Chr3 5200000 5399999 73
Chr3 5400000 5599999 101
Chr3 5600000 5799999 74
Chr3 5800000 5999999 65
Chr3 6000000 6199999 64
Chr3 6200000 6399999 87
Chr3 6400000 6599999 88
Chr3 6600000 6799999 71
Chr3 6800000 6999999 115
Chr3 7000000 7199999 74
Chr3 7200000 7399999 73
Chr3 7400000 7599999 67
Chr3 7600000 7799999 102
Chr3 7800000 7999999 90
Chr3 8000000 8199999 80
Chr3 8200000 8399999 72
Chr3 8400000 8599999 48
Chr3 8600000 8799999 89
Chr3 8800000 8999999 94
Chr3 9000000 9199999 91
Chr3 9200000 9399999 115
Chr3 9400000 9599999 93
Chr3 9600000 9799999 86
Chr3 9800000 9999999 98
Chr3 10000000 10199999 110
Chr3 10200000 10399999 75
Chr3 10400000 10599999 101
Chr3 10600000 10799999 67
Chr3 10800000 10999999 82
Chr3 11000000 11199999 68
Chr3 11200000 11399999 72
Chr3 11400000 11599999 74
Chr3 11600000 11799999 95
Chr3 11800000 11999999 92
Chr3 12000000 12199999 70
Chr3 12200000 12399999 85
Chr3 12400000 12599999 73
Chr3 12600000 12799999 96
Chr3 12800000 12999999 78
Chr3 13000000 13199999 84
Chr3 13200000 13399999 35
Chr3 13400000 13599999 7
Chr3 13600000 13799999 70
Chr3 13800000 13999999 27
Chr3 14000000 14199999 63
Chr3 14200000 14399999 61
Chr3 14400000 14599999 50
Chr3 14600000 14799999 51
Chr3 14800000 14999999 50
Chr3 15000000 15199999 44
Chr3 15200000 15399999 51
Chr3 15400000 15599999 50
Chr3 15600000 15799999 52
Chr3 15800000 15999999 41
Chr3 16000000 16199999 54
Chr3 16200000 16399999 66
Chr3 16400000 16599999 39
Chr3 16600000 16799999 57
Chr3 16800000 16999999 50
Chr3 17000000 17199999 64
Chr3 17200000 17399999 36
Chr3 17400000 17599999 42
Chr3 17600000 17799999 44
Chr3 17800000 17999999 43
Chr3 18000000 18199999 45
Chr3 18200000 18399999 23
Chr3 18400000 18599999 50
Chr3 18600000 18799999 16
Chr3 18800000 18999999 4
Chr3 19000000 19199999 13
Chr3 19200000 19399999 9
Chr3 19400000 19599999 12
Chr3 19600000 19799999 9
Chr3 19800000 19999999 15
Chr3 20000000 20199999 15
Chr3 20200000 20399999 23
Chr3 20400000 20599999 39
Chr3 20600000 20799999 18
Chr3 20800000 20999999 46
Chr3 21000000 21199999 71
Chr3 21200000 21399999 56
Chr3 21400000 21599999 35
Chr3 21600000 21799999 40
Chr3 21800000 21999999 24
Chr3 22000000 22199999 47
Chr3 22200000 22399999 57
Chr3 22400000 22599999 35
Chr3 22600000 22799999 55
Chr3 22800000 22999999 61
Chr3 23000000 23199999 44
Chr3 23200000 23399999 14
Chr3 23400000 23599999 45
Chr3 23600000 23799999 48
Chr3 23800000 23999999 42
Chr3 24000000 24199999 31
Chr3 24200000 24399999 45
Chr3 24400000 24599999 63
Chr3 24600000 24799999 45
Chr3 24800000 24999999 68
Chr3 25000000 25199999 62
Chr3 25200000 25399999 41
Chr3 25400000 25599999 41
Chr3 25600000 25799999 53
Chr3 25800000 25999999 67
Chr3 26000000 26199999 43
Chr3 26200000 26399999 61
Chr3 26400000 26599999 43
Chr3 26600000 26799999 84
Chr3 26800000 26999999 35
Chr3 27000000 27199999 39
Chr3 27200000 27399999 56
Chr3 27400000 27599999 82
Chr3 27600000 27799999 54
Chr3 27800000 27999999 40
Chr3 28000000 28199999 80
Chr3 28200000 28399999 86
Chr3 28400000 28599999 81
Chr3 28600000 28799999 82
Chr3 28800000 28999999 58
Chr3 29000000 29199999 77
Chr3 29200000 29399999 72
Chr3 29400000 29599999 111
Chr3 29600000 29799999 44
Chr3 29800000 29999999 70
Chr3 30000000 30199999 78
Chr3 30200000 30399999 77
Chr3 30400000 30599999 81
Chr3 30600000 30799999 73
Chr3 30800000 30999999 87
Chr3 31000000 31199999 59
Chr3 31200000 31399999 98
Chr3 31400000 31599999 123
Chr3 31600000 31799999 82
Chr3 31800000 31999999 68
Chr3 32000000 32199999 99
Chr3 32200000 32399999 73
Chr3 32400000 32599999 64
Chr3 32600000 32799999 94
Chr3 32800000 32999999 82
Chr3 33000000 33199999 96
Chr3 33200000 33399999 88
Chr3 33400000 33599999 83
Chr3 33600000 33799999 84
Chr3 33800000 33999999 57
Chr3 34000000 34199999 55
Chr3 34200000 34399999 97
Chr3 34400000 34599999 118
Chr3 34600000 34799999 91
Chr3 34800000 34999999 73
Chr3 35000000 35199999 84
Chr3 35200000 35399999 83
Chr3 35400000 35599999 76
Chr3 35600000 35799999 75
Chr3 35800000 35999999 67
Chr3 36000000 36199999 81
Chr3 36200000 36399999 61
Chr3 36400000 36413819 1
Chr4 0 199999 27
Chr4 200000 399999 76
Chr4 400000 599999 58
Chr4 600000 799999 39
Chr4 800000 999999 63
Chr4 1000000 1199999 44
Chr4 1200000 1399999 23
Chr4 1400000 1599999 19
Chr4 1600000 1799999 28
Chr4 1800000 1999999 18
Chr4 2000000 2199999 12
Chr4 2200000 2399999 7
Chr4 2400000 2599999 39
Chr4 2600000 2799999 9
Chr4 2800000 2999999 7
Chr4 3000000 3199999 5
Chr4 3200000 3399999 13
Chr4 3400000 3599999 17
Chr4 3600000 3799999 16
Chr4 3800000 3999999 9
Chr4 4000000 4199999 8
Chr4 4200000 4399999 39
Chr4 4400000 4599999 43
Chr4 4600000 4799999 36
Chr4 4800000 4999999 28
Chr4 5000000 5199999 39
Chr4 5200000 5399999 23
Chr4 5400000 5599999 24
Chr4 5600000 5799999 25
Chr4 5800000 5999999 29
Chr4 6000000 6199999 12
Chr4 6200000 6399999 16
Chr4 6400000 6599999 37
Chr4 6600000 6799999 21
Chr4 6800000 6999999 19
Chr4 7000000 7199999 27
Chr4 7200000 7399999 20
Chr4 7400000 7599999 11
Chr4 7600000 7799999 1
Chr4 7800000 7999999 12
Chr4 8000000 8199999 10
Chr4 8200000 8399999 40
Chr4 8400000 8599999 34
Chr4 8600000 8799999 23
Chr4 8800000 8999999 12
Chr4 9000000 9199999 7
Chr4 9200000 9399999 63
Chr4 9400000 9599999 7
Chr4 9600000 9799999 10
Chr4 9800000 9999999 10
Chr4 10000000 10199999 11
Chr4 10200000 10399999 2
Chr4 10400000 10599999 14
Chr4 10600000 10799999 5
Chr4 10800000 10999999 9
Chr4 11000000 11199999 9
Chr4 11200000 11399999 35
Chr4 11400000 11599999 35
Chr4 11600000 11799999 13
Chr4 11800000 11999999 16
Chr4 12000000 12199999 23
Chr4 12200000 12399999 44
Chr4 12400000 12599999 35
Chr4 12600000 12799999 21
Chr4 12800000 12999999 14
Chr4 13000000 13199999 26
Chr4 13200000 13399999 10
Chr4 13400000 13599999 47
Chr4 13600000 13799999 31
Chr4 13800000 13999999 31
Chr4 14000000 14199999 26
Chr4 14200000 14399999 12
Chr4 14400000 14599999 2
Chr4 14600000 14799999 17
Chr4 14800000 14999999 10
Chr4 15000000 15199999 4
Chr4 15200000 15399999 3
Chr4 15400000 15599999 18
Chr4 15600000 15799999 29
Chr4 15800000 15999999 73
Chr4 16000000 16199999 26
Chr4 16200000 16399999 19
Chr4 16400000 16599999 51
Chr4 16600000 16799999 43
Chr4 16800000 16999999 24
Chr4 17000000 17199999 18
Chr4 17200000 17399999 20
Chr4 17400000 17599999 23
Chr4 17600000 17799999 30
Chr4 17800000 17999999 35
Chr4 18000000 18199999 33
Chr4 18200000 18399999 22
Chr4 18400000 18599999 44
Chr4 18600000 18799999 51
Chr4 18800000 18999999 69
Chr4 19000000 19199999 55
Chr4 19200000 19399999 84
Chr4 19400000 19599999 55
Chr4 19600000 19799999 73
Chr4 19800000 19999999 95
Chr4 20000000 20199999 101
Chr4 20200000 20399999 77
Chr4 20400000 20599999 75
Chr4 20600000 20799999 67
Chr4 20800000 20999999 40
Chr4 21000000 21199999 14
Chr4 21200000 21399999 87
Chr4 21400000 21599999 56
Chr4 21600000 21799999 62
Chr4 21800000 21999999 52
Chr4 22000000 22199999 71
Chr4 22200000 22399999 91
Chr4 22400000 22599999 79
Chr4 22600000 22799999 36
Chr4 22800000 22999999 99
Chr4 23000000 23199999 78
Chr4 23200000 23399999 71
Chr4 23400000 23599999 92
Chr4 23600000 23799999 51
Chr4 23800000 23999999 77
Chr4 24000000 24199999 89
Chr4 24200000 24399999 80
Chr4 24400000 24599999 71
Chr4 24600000 24799999 73
Chr4 24800000 24999999 91
Chr4 25000000 25199999 69
Chr4 25200000 25399999 67
Chr4 25400000 25599999 71
Chr4 25600000 25799999 58
Chr4 25800000 25999999 63
Chr4 26000000 26199999 71
Chr4 26200000 26399999 84
Chr4 26400000 26599999 88
Chr4 26600000 26799999 88
Chr4 26800000 26999999 65
Chr4 27000000 27199999 104
Chr4 27200000 27399999 85
Chr4 27400000 27599999 82
Chr4 27600000 27799999 76
Chr4 27800000 27999999 56
Chr4 28000000 28199999 87
Chr4 28200000 28399999 61
Chr4 28400000 28599999 80
Chr4 28600000 28799999 82
Chr4 28800000 28999999 66
Chr4 29000000 29199999 64
Chr4 29200000 29399999 88
Chr4 29400000 29599999 91
Chr4 29600000 29799999 78
Chr4 29800000 29999999 75
Chr4 30000000 30199999 62
Chr4 30200000 30399999 77
Chr4 30400000 30599999 103
Chr4 30600000 30799999 58
Chr4 30800000 30999999 81
Chr4 31000000 31199999 69
Chr4 31200000 31399999 107
Chr4 31400000 31599999 95
Chr4 31600000 31799999 67
Chr4 31800000 31999999 48
Chr4 32000000 32199999 70
Chr4 32200000 32399999 57
Chr4 32400000 32599999 52
Chr4 32600000 32799999 51
Chr4 32800000 32999999 73
Chr4 33000000 33199999 127
Chr4 33200000 33399999 58
Chr4 33400000 33599999 94
Chr4 33600000 33799999 85
Chr4 33800000 33999999 74
Chr4 34000000 34199999 83
Chr4 34200000 34399999 109
Chr4 34400000 34599999 94
Chr4 34600000 34799999 91
Chr4 34800000 34999999 87
Chr4 35000000 35199999 82
Chr4 35200000 35399999 76
Chr4 35400000 35502694 32
Chr5 0 199999 81
Chr5 200000 399999 56
Chr5 400000 599999 66
Chr5 600000 799999 79
Chr5 800000 999999 84
Chr5 1000000 1199999 92
Chr5 1200000 1399999 42
Chr5 1400000 1599999 83
Chr5 1600000 1799999 89
Chr5 1800000 1999999 68
Chr5 2000000 2199999 99
Chr5 2200000 2399999 83
Chr5 2400000 2599999 43
Chr5 2600000 2799999 52
Chr5 2800000 2999999 72
Chr5 3000000 3199999 18
Chr5 3200000 3399999 61
Chr5 3400000 3599999 53
Chr5 3600000 3799999 62
Chr5 3800000 3999999 43
Chr5 4000000 4199999 41
Chr5 4200000 4399999 46
Chr5 4400000 4599999 31
Chr5 4600000 4799999 79
Chr5 4800000 4999999 69
Chr5 5000000 5199999 33
Chr5 5200000 5399999 61
Chr5 5400000 5599999 38
Chr5 5600000 5799999 55
Chr5 5800000 5999999 80
Chr5 6000000 6199999 46
Chr5 6200000 6399999 53
Chr5 6400000 6599999 37
Chr5 6600000 6799999 63
Chr5 6800000 6999999 52
Chr5 7000000 7199999 53
Chr5 7200000 7399999 48
Chr5 7400000 7599999 40
Chr5 7600000 7799999 50
Chr5 7800000 7999999 57
Chr5 8000000 8199999 22
Chr5 8200000 8399999 15
Chr5 8400000 8599999 38
Chr5 8600000 8799999 18
Chr5 8800000 8999999 29
Chr5 9000000 9199999 11
Chr5 9200000 9399999 12
Chr5 9400000 9599999 23
Chr5 9600000 9799999 19
Chr5 9800000 9999999 4
Chr5 10000000 10199999 5
Chr5 10200000 10399999 4
Chr5 10400000 10599999 14
Chr5 10600000 10799999 19
Chr5 10800000 10999999 30
Chr5 11000000 11199999 25
Chr5 11200000 11399999 20
Chr5 11400000 11599999 7
Chr5 11600000 11799999 31
Chr5 11800000 11999999 8
Chr5 12000000 12199999 7
Chr5 12200000 12399999 5
Chr5 12400000 12599999 4
Chr5 12600000 12799999 7
Chr5 12800000 12999999 26
Chr5 13000000 13199999 28
Chr5 13200000 13399999 30
Chr5 13400000 13599999 31
Chr5 13600000 13799999 37
Chr5 13800000 13999999 30
Chr5 14000000 14199999 18
Chr5 14200000 14399999 52
Chr5 14400000 14599999 26
Chr5 14600000 14799999 55
Chr5 14800000 14999999 68
Chr5 15000000 15199999 32
Chr5 15200000 15399999 8
Chr5 15400000 15599999 33
Chr5 15600000 15799999 34
Chr5 15800000 15999999 21
Chr5 16000000 16199999 63
Chr5 16200000 16399999 51
Chr5 16400000 16599999 54
Chr5 16600000 16799999 42
Chr5 16800000 16999999 65
Chr5 17000000 17199999 52
Chr5 17200000 17399999 60
Chr5 17400000 17599999 44
Chr5 17600000 17799999 33
Chr5 17800000 17999999 60
Chr5 18000000 18199999 64
Chr5 18200000 18399999 22
Chr5 18400000 18599999 69
Chr5 18600000 18799999 53
Chr5 18800000 18999999 79
Chr5 19000000 19199999 60
Chr5 19200000 19399999 61
Chr5 19400000 19599999 70
Chr5 19600000 19799999 69
Chr5 19800000 19999999 99
Chr5 20000000 20199999 78
Chr5 20200000 20399999 45
Chr5 20400000 20599999 72
Chr5 20600000 20799999 92
Chr5 20800000 20999999 75
Chr5 21000000 21199999 80
Chr5 21200000 21399999 39
Chr5 21400000 21599999 64
Chr5 21600000 21799999 84
Chr5 21800000 21999999 46
Chr5 22000000 22199999 85
Chr5 22200000 22399999 88
Chr5 22400000 22599999 66
Chr5 22600000 22799999 69
Chr5 22800000 22999999 69
Chr5 23000000 23199999 58
Chr5 23200000 23399999 68
Chr5 23400000 23599999 79
Chr5 23600000 23799999 70
Chr5 23800000 23999999 42
Chr5 24000000 24199999 94
Chr5 24200000 24399999 84
Chr5 24400000 24599999 79
Chr5 24600000 24799999 77
Chr5 24800000 24999999 16
Chr5 25000000 25199999 49
Chr5 25200000 25399999 62
Chr5 25400000 25599999 59
Chr5 25600000 25799999 72
Chr5 25800000 25999999 51
Chr5 26000000 26199999 60
Chr5 26200000 26399999 74
Chr5 26400000 26599999 53
Chr5 26600000 26799999 74
Chr5 26800000 26999999 102
Chr5 27000000 27199999 114
Chr5 27200000 27399999 88
Chr5 27400000 27599999 88
Chr5 27600000 27799999 92
Chr5 27800000 27999999 105
Chr5 28000000 28199999 95
Chr5 28200000 28399999 83
Chr5 28400000 28599999 89
Chr5 28600000 28799999 90
Chr5 28800000 28999999 80
Chr5 29000000 29199999 78
Chr5 29200000 29399999 100
Chr5 29400000 29599999 66
Chr5 29600000 29799999 79
Chr5 29800000 29958434 9
Chr6 0 199999 30
Chr6 200000 399999 64
Chr6 400000 599999 60
Chr6 600000 799999 58
Chr6 800000 999999 67
Chr6 1000000 1199999 21
Chr6 1200000 1399999 41
Chr6 1400000 1599999 102
Chr6 1600000 1799999 113
Chr6 1800000 1999999 68
Chr6 2000000 2199999 68
Chr6 2200000 2399999 53
Chr6 2400000 2599999 84
Chr6 2600000 2799999 70
Chr6 2800000 2999999 80
Chr6 3000000 3199999 64
Chr6 3200000 3399999 79
Chr6 3400000 3599999 36
Chr6 3600000 3799999 46
Chr6 3800000 3999999 53
Chr6 4000000 4199999 53
Chr6 4200000 4399999 77
Chr6 4400000 4599999 57
Chr6 4600000 4799999 80
Chr6 4800000 4999999 62
Chr6 5000000 5199999 117
Chr6 5200000 5399999 59
Chr6 5400000 5599999 77
Chr6 5600000 5799999 68
Chr6 5800000 5999999 63
Chr6 6000000 6199999 54
Chr6 6200000 6399999 64
Chr6 6400000 6599999 66
Chr6 6600000 6799999 50
Chr6 6800000 6999999 86
Chr6 7000000 7199999 72
Chr6 7200000 7399999 38
Chr6 7400000 7599999 47
Chr6 7600000 7799999 67
Chr6 7800000 7999999 73
Chr6 8000000 8199999 78
Chr6 8200000 8399999 66
Chr6 8400000 8599999 14
Chr6 8600000 8799999 59
Chr6 8800000 8999999 54
Chr6 9000000 9199999 51
Chr6 9200000 9399999 63
Chr6 9400000 9599999 19
Chr6 9600000 9799999 14
Chr6 9800000 9999999 26
Chr6 10000000 10199999 62
Chr6 10200000 10399999 15
Chr6 10400000 10599999 39
Chr6 10600000 10799999 31
Chr6 10800000 10999999 42
Chr6 11000000 11199999 48
Chr6 11200000 11399999 33
Chr6 11400000 11599999 47
Chr6 11600000 11799999 37
Chr6 11800000 11999999 26
Chr6 12000000 12199999 41
Chr6 12200000 12399999 34
Chr6 12400000 12599999 35
Chr6 12600000 12799999 44
Chr6 12800000 12999999 42
Chr6 13000000 13199999 44
Chr6 13200000 13399999 41
Chr6 13400000 13599999 51
Chr6 13600000 13799999 36
Chr6 13800000 13999999 32
Chr6 14000000 14199999 45
Chr6 14200000 14399999 30
Chr6 14400000 14599999 23
Chr6 14600000 14799999 19
Chr6 14800000 14999999 13
Chr6 15000000 15199999 14
Chr6 15200000 15399999 11
Chr6 15400000 15599999 8
Chr6 15600000 15799999 27
Chr6 15800000 15999999 41
Chr6 16000000 16199999 33
Chr6 16200000 16399999 44
Chr6 16400000 16599999 37
Chr6 16600000 16799999 30
Chr6 16800000 16999999 42
Chr6 17000000 17199999 40
Chr6 17200000 17399999 34
Chr6 17400000 17599999 44
Chr6 17600000 17799999 15
Chr6 17800000 17999999 44
Chr6 18000000 18199999 32
Chr6 18200000 18399999 4
Chr6 18400000 18599999 0
Chr6 18600000 18799999 0
Chr6 18800000 18999999 14
Chr6 19000000 19199999 13
Chr6 19200000 19399999 27
Chr6 19400000 19599999 28
Chr6 19600000 19799999 44
Chr6 19800000 19999999 36
Chr6 20000000 20199999 53
Chr6 20200000 20399999 34
Chr6 20400000 20599999 30
Chr6 20600000 20799999 39
Chr6 20800000 20999999 74
Chr6 21000000 21199999 82
Chr6 21200000 21399999 45
Chr6 21400000 21599999 37
Chr6 21600000 21799999 45
Chr6 21800000 21999999 47
Chr6 22000000 22199999 42
Chr6 22200000 22399999 56
Chr6 22400000 22599999 35
Chr6 22600000 22799999 86
Chr6 22800000 22999999 27
Chr6 23000000 23199999 45
Chr6 23200000 23399999 53
Chr6 23400000 23599999 64
Chr6 23600000 23799999 65
Chr6 23800000 23999999 105
Chr6 24000000 24199999 65
Chr6 24200000 24399999 85
Chr6 24400000 24599999 74
Chr6 24600000 24799999 21
Chr6 24800000 24999999 56
Chr6 25000000 25199999 73
Chr6 25200000 25399999 45
Chr6 25400000 25599999 25
Chr6 25600000 25799999 57
Chr6 25800000 25999999 59
Chr6 26000000 26199999 49
Chr6 26200000 26399999 73
Chr6 26400000 26599999 105
Chr6 26600000 26799999 92
Chr6 26800000 26999999 83
Chr6 27000000 27199999 45
Chr6 27200000 27399999 65
Chr6 27400000 27599999 86
Chr6 27600000 27799999 67
Chr6 27800000 27999999 82
Chr6 28000000 28199999 85
Chr6 28200000 28399999 61
Chr6 28400000 28599999 92
Chr6 28600000 28799999 62
Chr6 28800000 28999999 77
Chr6 29000000 29199999 67
Chr6 29200000 29399999 52
Chr6 29400000 29599999 81
Chr6 29600000 29799999 86
Chr6 29800000 29999999 90
Chr6 30000000 30199999 87
Chr6 30200000 30399999 74
Chr6 30400000 30599999 60
Chr6 30600000 30799999 14
Chr6 30800000 30999999 65
Chr6 31000000 31199999 74
Chr6 31200000 31248787 11
Chr7 0 199999 67
Chr7 200000 399999 49
Chr7 400000 599999 67
Chr7 600000 799999 73
Chr7 800000 999999 62
Chr7 1000000 1199999 95
Chr7 1200000 1399999 38
Chr7 1400000 1599999 31
Chr7 1600000 1799999 84
Chr7 1800000 1999999 33
Chr7 2000000 2199999 60
Chr7 2200000 2399999 38
Chr7 2400000 2599999 47
Chr7 2600000 2799999 65
Chr7 2800000 2999999 55
Chr7 3000000 3199999 17
Chr7 3200000 3399999 82
Chr7 3400000 3599999 46
Chr7 3600000 3799999 66
Chr7 3800000 3999999 81
Chr7 4000000 4199999 63
Chr7 4200000 4399999 64
Chr7 4400000 4599999 76
Chr7 4600000 4799999 56
Chr7 4800000 4999999 47
Chr7 5000000 5199999 41
Chr7 5200000 5399999 34
Chr7 5400000 5599999 41
Chr7 5600000 5799999 52
Chr7 5800000 5999999 46
Chr7 6000000 6199999 25
Chr7 6200000 6399999 29
Chr7 6400000 6599999 10
Chr7 6600000 6799999 18
Chr7 6800000 6999999 32
Chr7 7000000 7199999 29
Chr7 7200000 7399999 55
Chr7 7400000 7599999 29
Chr7 7600000 7799999 36
Chr7 7800000 7999999 33
Chr7 8000000 8199999 38
Chr7 8200000 8399999 34
Chr7 8400000 8599999 27
Chr7 8600000 8799999 24
Chr7 8800000 8999999 23
Chr7 9000000 9199999 20
Chr7 9200000 9399999 27
Chr7 9400000 9599999 21
Chr7 9600000 9799999 9
Chr7 9800000 9999999 15
Chr7 10000000 10199999 26
Chr7 10200000 10399999 20
Chr7 10400000 10599999 7
Chr7 10600000 10799999 26
Chr7 10800000 10999999 21
Chr7 11000000 11199999 25
Chr7 11200000 11399999 25
Chr7 11400000 11599999 32
Chr7 11600000 11799999 22
Chr7 11800000 11999999 20
Chr7 12000000 12199999 2
Chr7 12200000 12399999 1
Chr7 12400000 12599999 27
Chr7 12600000 12799999 34
Chr7 12800000 12999999 28
Chr7 13000000 13199999 41
Chr7 13200000 13399999 43
Chr7 13400000 13599999 29
Chr7 13600000 13799999 20
Chr7 13800000 13999999 3
Chr7 14000000 14199999 2
Chr7 14200000 14399999 6
Chr7 14400000 14599999 39
Chr7 14600000 14799999 39
Chr7 14800000 14999999 28
Chr7 15000000 15199999 11
Chr7 15200000 15399999 46
Chr7 15400000 15599999 51
Chr7 15600000 15799999 24
Chr7 15800000 15999999 26
Chr7 16000000 16199999 32
Chr7 16200000 16399999 43
Chr7 16400000 16599999 27
Chr7 16600000 16799999 63
Chr7 16800000 16999999 41
Chr7 17000000 17199999 44
Chr7 17200000 17399999 40
Chr7 17400000 17599999 41
Chr7 17600000 17799999 47
Chr7 17800000 17999999 33
Chr7 18000000 18199999 14
Chr7 18200000 18399999 55
Chr7 18400000 18599999 28
Chr7 18600000 18799999 60
Chr7 18800000 18999999 49
Chr7 19000000 19199999 66
Chr7 19200000 19399999 54
Chr7 19400000 19599999 72
Chr7 19600000 19799999 54
Chr7 19800000 19999999 53
Chr7 20000000 20199999 56
Chr7 20200000 20399999 40
Chr7 20400000 20599999 26
Chr7 20600000 20799999 81
Chr7 20800000 20999999 44
Chr7 21000000 21199999 54
Chr7 21200000 21399999 62
Chr7 21400000 21599999 57
Chr7 21600000 21799999 88
Chr7 21800000 21999999 71
Chr7 22000000 22199999 69
Chr7 22200000 22399999 108
Chr7 22400000 22599999 89
Chr7 22600000 22799999 74
Chr7 22800000 22999999 84
Chr7 23000000 23199999 90
Chr7 23200000 23399999 86
Chr7 23400000 23599999 80
Chr7 23600000 23799999 79
Chr7 23800000 23999999 81
Chr7 24000000 24199999 67
Chr7 24200000 24399999 70
Chr7 24400000 24599999 65
Chr7 24600000 24799999 78
Chr7 24800000 24999999 67
Chr7 25000000 25199999 38
Chr7 25200000 25399999 96
Chr7 25400000 25599999 93
Chr7 25600000 25799999 97
Chr7 25800000 25999999 71
Chr7 26000000 26199999 79
Chr7 26200000 26399999 88
Chr7 26400000 26599999 57
Chr7 26600000 26799999 86
Chr7 26800000 26999999 61
Chr7 27000000 27199999 43
Chr7 27200000 27399999 10
Chr7 27400000 27599999 36
Chr7 27600000 27799999 93
Chr7 27800000 27999999 96
Chr7 28000000 28199999 75
Chr7 28200000 28399999 67
Chr7 28400000 28599999 88
Chr7 28600000 28799999 83
Chr7 28800000 28999999 124
Chr7 29000000 29199999 96
Chr7 29200000 29399999 80
Chr7 29400000 29599999 80
Chr7 29600000 29697621 15
Chr8 0 199999 80
Chr8 200000 399999 64
Chr8 400000 599999 88
Chr8 600000 799999 57
Chr8 800000 999999 55
Chr8 1000000 1199999 64
Chr8 1200000 1399999 26
Chr8 1400000 1599999 54
Chr8 1600000 1799999 53
Chr8 1800000 1999999 25
Chr8 2000000 2199999 74
Chr8 2200000 2399999 53
Chr8 2400000 2599999 31
Chr8 2600000 2799999 22
Chr8 2800000 2999999 47
Chr8 3000000 3199999 60
Chr8 3200000 3399999 98
Chr8 3400000 3599999 91
Chr8 3600000 3799999 76
Chr8 3800000 3999999 34
Chr8 4000000 4199999 33
Chr8 4200000 4399999 44
Chr8 4400000 4599999 49
Chr8 4600000 4799999 56
Chr8 4800000 4999999 37
Chr8 5000000 5199999 61
Chr8 5200000 5399999 56
Chr8 5400000 5599999 36
Chr8 5600000 5799999 54
Chr8 5800000 5999999 81
Chr8 6000000 6199999 47
Chr8 6200000 6399999 51
Chr8 6400000 6599999 6
Chr8 6600000 6799999 11
Chr8 6800000 6999999 7
Chr8 7000000 7199999 2
Chr8 7200000 7399999 15
Chr8 7400000 7599999 29
Chr8 7600000 7799999 20
Chr8 7800000 7999999 58
Chr8 8000000 8199999 40
Chr8 8200000 8399999 47
Chr8 8400000 8599999 37
Chr8 8600000 8799999 42
Chr8 8800000 8999999 50
Chr8 9000000 9199999 55
Chr8 9200000 9399999 56
Chr8 9400000 9599999 33
Chr8 9600000 9799999 30
Chr8 9800000 9999999 17
Chr8 10000000 10199999 39
Chr8 10200000 10399999 41
Chr8 10400000 10599999 29
Chr8 10600000 10799999 44
Chr8 10800000 10999999 19
Chr8 11000000 11199999 13
Chr8 11200000 11399999 17
Chr8 11400000 11599999 41
Chr8 11600000 11799999 41
Chr8 11800000 11999999 26
Chr8 12000000 12199999 18
Chr8 12200000 12399999 28
Chr8 12400000 12599999 13
Chr8 12600000 12799999 12
Chr8 12800000 12999999 17
Chr8 13000000 13199999 8
Chr8 13200000 13399999 3
Chr8 13400000 13599999 6
Chr8 13600000 13799999 12
Chr8 13800000 13999999 28
Chr8 14000000 14199999 26
Chr8 14200000 14399999 24
Chr8 14400000 14599999 15
Chr8 14600000 14799999 32
Chr8 14800000 14999999 13
Chr8 15000000 15199999 31
Chr8 15200000 15399999 37
Chr8 15400000 15599999 25
Chr8 15600000 15799999 31
Chr8 15800000 15999999 20
Chr8 16000000 16199999 16
Chr8 16200000 16399999 50
Chr8 16400000 16599999 25
Chr8 16600000 16799999 8
Chr8 16800000 16999999 43
Chr8 17000000 17199999 14
Chr8 17200000 17399999 19
Chr8 17400000 17599999 32
Chr8 17600000 17799999 43
Chr8 17800000 17999999 45
Chr8 18000000 18199999 48
Chr8 18200000 18399999 47
Chr8 18400000 18599999 54
Chr8 18600000 18799999 30
Chr8 18800000 18999999 25
Chr8 19000000 19199999 29
Chr8 19200000 19399999 25
Chr8 19400000 19599999 88
Chr8 19600000 19799999 65
Chr8 19800000 19999999 76
Chr8 20000000 20199999 42
Chr8 20200000 20399999 38
Chr8 20400000 20599999 78
Chr8 20600000 20799999 83
Chr8 20800000 20999999 65
Chr8 21000000 21199999 90
Chr8 21200000 21399999 74
Chr8 21400000 21599999 66
Chr8 21600000 21799999 54
Chr8 21800000 21999999 61
Chr8 22000000 22199999 96
Chr8 22200000 22399999 46
Chr8 22400000 22599999 48
Chr8 22600000 22799999 53
Chr8 22800000 22999999 59
Chr8 23000000 23199999 60
Chr8 23200000 23399999 57
Chr8 23400000 23599999 69
Chr8 23600000 23799999 75
Chr8 23800000 23999999 103
Chr8 24000000 24199999 72
Chr8 24200000 24399999 74
Chr8 24400000 24599999 82
Chr8 24600000 24799999 61
Chr8 24800000 24999999 84
Chr8 25000000 25199999 64
Chr8 25200000 25399999 73
Chr8 25400000 25599999 78
Chr8 25600000 25799999 87
Chr8 25800000 25999999 53
Chr8 26000000 26199999 92
Chr8 26200000 26399999 53
Chr8 26400000 26599999 68
Chr8 26600000 26799999 72
Chr8 26800000 26999999 72
Chr8 27000000 27199999 61
Chr8 27200000 27399999 83
Chr8 27400000 27599999 109
Chr8 27600000 27799999 47
Chr8 27800000 27999999 74
Chr8 28000000 28199999 74
Chr8 28200000 28399999 69
Chr8 28400000 28443022 2
Chr9 0 199999 6
Chr9 200000 399999 10
Chr9 400000 599999 24
Chr9 600000 799999 44
Chr9 800000 999999 45
Chr9 1000000 1199999 28
Chr9 1200000 1399999 37
Chr9 1400000 1599999 18
Chr9 1600000 1799999 18
Chr9 1800000 1999999 18
Chr9 2000000 2199999 38
Chr9 2200000 2399999 35
Chr9 2400000 2599999 25
Chr9 2600000 2799999 13
Chr9 2800000 2999999 4
Chr9 3000000 3199999 28
Chr9 3200000 3399999 26
Chr9 3400000 3599999 18
Chr9 3600000 3799999 43
Chr9 3800000 3999999 27
Chr9 4000000 4199999 38
Chr9 4200000 4399999 35
Chr9 4400000 4599999 32
Chr9 4600000 4799999 55
Chr9 4800000 4999999 12
Chr9 5000000 5199999 36
Chr9 5200000 5399999 36
Chr9 5400000 5599999 30
Chr9 5600000 5799999 32
Chr9 5800000 5999999 59
Chr9 6000000 6199999 25
Chr9 6200000 6399999 31
Chr9 6400000 6599999 29
Chr9 6600000 6799999 8
Chr9 6800000 6999999 20
Chr9 7000000 7199999 31
Chr9 7200000 7399999 42
Chr9 7400000 7599999 8
Chr9 7600000 7799999 27
Chr9 7800000 7999999 26
Chr9 8000000 8199999 30
Chr9 8200000 8399999 10
Chr9 8400000 8599999 22
Chr9 8600000 8799999 29
Chr9 8800000 8999999 8
Chr9 9000000 9199999 24
Chr9 9200000 9399999 26
Chr9 9400000 9599999 53
Chr9 9600000 9799999 30
Chr9 9800000 9999999 36
Chr9 10000000 10199999 48
Chr9 10200000 10399999 42
Chr9 10400000 10599999 24
Chr9 10600000 10799999 59
Chr9 10800000 10999999 39
Chr9 11000000 11199999 24
Chr9 11200000 11399999 40
Chr9 11400000 11599999 31
Chr9 11600000 11799999 41
Chr9 11800000 11999999 49
Chr9 12000000 12199999 46
Chr9 12200000 12399999 74
Chr9 12400000 12599999 47
Chr9 12600000 12799999 69
Chr9 12800000 12999999 46
Chr9 13000000 13199999 41
Chr9 13200000 13399999 21
Chr9 13400000 13599999 41
Chr9 13600000 13799999 59
Chr9 13800000 13999999 61
Chr9 14000000 14199999 78
Chr9 14200000 14399999 31
Chr9 14400000 14599999 29
Chr9 14600000 14799999 84
Chr9 14800000 14999999 108
Chr9 15000000 15199999 51
Chr9 15200000 15399999 56
Chr9 15400000 15599999 87
Chr9 15600000 15799999 55
Chr9 15800000 15999999 90
Chr9 16000000 16199999 67
Chr9 16200000 16399999 94
Chr9 16400000 16599999 88
Chr9 16600000 16799999 80
Chr9 16800000 16999999 74
Chr9 17000000 17199999 80
Chr9 17200000 17399999 77
Chr9 17400000 17599999 93
Chr9 17600000 17799999 83
Chr9 17800000 17999999 81
Chr9 18000000 18199999 70
Chr9 18200000 18399999 92
Chr9 18400000 18599999 72
Chr9 18600000 18799999 81
Chr9 18800000 18999999 81
Chr9 19000000 19199999 51
Chr9 19200000 19399999 57
Chr9 19400000 19599999 82
Chr9 19600000 19799999 90
Chr9 19800000 19999999 69
Chr9 20000000 20199999 98
Chr9 20200000 20399999 112
Chr9 20400000 20599999 88
Chr9 20600000 20799999 100
Chr9 20800000 20999999 99
Chr9 21000000 21199999 108
Chr9 21200000 21399999 98
Chr9 21400000 21599999 63
Chr9 21600000 21799999 55
Chr9 21800000 21999999 58
Chr9 22000000 22199999 71
Chr9 22200000 22399999 53
Chr9 22400000 22599999 36
Chr9 22600000 22799999 72
Chr9 22800000 22999999 53
Chr9 23000000 23012720 0
