Chr1 0 199999 1932
Chr1 200000 399999 1966
Chr1 400000 599999 1895
Chr1 600000 799999 1915
Chr1 800000 999999 1809
Chr1 1000000 1199999 1913
Chr1 1200000 1399999 1764
Chr1 1400000 1599999 1778
Chr1 1600000 1799999 1820
Chr1 1800000 1999999 1791
Chr1 2000000 2199999 1792
Chr1 2200000 2399999 1915
Chr1 2400000 2599999 1755
Chr1 2600000 2799999 1891
Chr1 2800000 2999999 1845
Chr1 3000000 3199999 1833
Chr1 3200000 3399999 1897
Chr1 3400000 3599999 1859
Chr1 3600000 3799999 1820
Chr1 3800000 3999999 1813
Chr1 4000000 4199999 1919
Chr1 4200000 4399999 1887
Chr1 4400000 4599999 1816
Chr1 4600000 4799999 1863
Chr1 4800000 4999999 1818
Chr1 5000000 5199999 1776
Chr1 5200000 5399999 1807
Chr1 5400000 5599999 1867
Chr1 5600000 5799999 1847
Chr1 5800000 5999999 1738
Chr1 6000000 6199999 1850
Chr1 6200000 6399999 1730
Chr1 6400000 6599999 1860
Chr1 6600000 6799999 1840
Chr1 6800000 6999999 1803
Chr1 7000000 7199999 1809
Chr1 7200000 7399999 1838
Chr1 7400000 7599999 1846
Chr1 7600000 7799999 1728
Chr1 7800000 7999999 1824
Chr1 8000000 8199999 1717
Chr1 8200000 8399999 1869
Chr1 8400000 8599999 1817
Chr1 8600000 8799999 1746
Chr1 8800000 8999999 1784
Chr1 9000000 9199999 1878
Chr1 9200000 9399999 1847
Chr1 9400000 9599999 1806
Chr1 9600000 9799999 1858
Chr1 9800000 9999999 1871
Chr1 10000000 10199999 1765
Chr1 10200000 10399999 1760
Chr1 10400000 10599999 1718
Chr1 10600000 10799999 1756
Chr1 10800000 10999999 1751
Chr1 11000000 11199999 1924
Chr1 11200000 11399999 1834
Chr1 11400000 11599999 1694
Chr1 11600000 11799999 1761
Chr1 11800000 11999999 1873
Chr1 12000000 12199999 1742
Chr1 12200000 12399999 1837
Chr1 12400000 12599999 1778
Chr1 12600000 12799999 1764
Chr1 12800000 12999999 1803
Chr1 13000000 13199999 1845
Chr1 13200000 13399999 1896
Chr1 13400000 13599999 1877
Chr1 13600000 13799999 1929
Chr1 13800000 13999999 1823
Chr1 14000000 14199999 1876
Chr1 14200000 14399999 1921
Chr1 14400000 14599999 1937
Chr1 14600000 14799999 1906
Chr1 14800000 14999999 1894
Chr1 15000000 15199999 2196
Chr1 15200000 15399999 1901
Chr1 15400000 15599999 1910
Chr1 15600000 15799999 1841
Chr1 15800000 15999999 1907
Chr1 16000000 16199999 1909
Chr1 16200000 16399999 1919
Chr1 16400000 16599999 1990
Chr1 16600000 16799999 2122
Chr1 16800000 16999999 2180
Chr1 17000000 17199999 2027
Chr1 17200000 17399999 2022
Chr1 17400000 17599999 1903
Chr1 17600000 17799999 1917
Chr1 17800000 17999999 1887
Chr1 18000000 18199999 1890
Chr1 18200000 18399999 1993
Chr1 18400000 18599999 1874
Chr1 18600000 18799999 1866
Chr1 18800000 18999999 1976
Chr1 19000000 19199999 1930
Chr1 19200000 19399999 1962
Chr1 19400000 19599999 1878
Chr1 19600000 19799999 1819
Chr1 19800000 19999999 1919
Chr1 20000000 20199999 1916
Chr1 20200000 20399999 1973
Chr1 20400000 20599999 2013
Chr1 20600000 20799999 1821
Chr1 20800000 20999999 1916
Chr1 21000000 21199999 1958
Chr1 21200000 21399999 1659
Chr1 21400000 21599999 1853
Chr1 21600000 21799999 1797
Chr1 21800000 21999999 1907
Chr1 22000000 22199999 1864
Chr1 22200000 22399999 1831
Chr1 22400000 22599999 1826
Chr1 22600000 22799999 1779
Chr1 22800000 22999999 1797
Chr1 23000000 23199999 1855
Chr1 23200000 23399999 1753
Chr1 23400000 23599999 1789
Chr1 23600000 23799999 1851
Chr1 23800000 23999999 1818
Chr1 24000000 24199999 1791
Chr1 24200000 24399999 1889
Chr1 24400000 24599999 1790
Chr1 24600000 24799999 1891
Chr1 24800000 24999999 1794
Chr1 25000000 25199999 1697
Chr1 25200000 25399999 1891
Chr1 25400000 25599999 1926
Chr1 25600000 25799999 1782
Chr1 25800000 25999999 1764
Chr1 26000000 26199999 1804
Chr1 26200000 26399999 1751
Chr1 26400000 26599999 1822
Chr1 26600000 26799999 1793
Chr1 26800000 26999999 1667
Chr1 27000000 27199999 1839
Chr1 27200000 27399999 1882
Chr1 27400000 27599999 1702
Chr1 27600000 27799999 1905
Chr1 27800000 27999999 1820
Chr1 28000000 28199999 1856
Chr1 28200000 28399999 1835
Chr1 28400000 28599999 1907
Chr1 28600000 28799999 1887
Chr1 28800000 28999999 1705
Chr1 29000000 29199999 1841
Chr1 29200000 29399999 1705
Chr1 29400000 29599999 1827
Chr1 29600000 29799999 1899
Chr1 29800000 29999999 1844
Chr1 30000000 30199999 1880
Chr1 30200000 30399999 1809
Chr1 30400000 30599999 1725
Chr1 30600000 30799999 1786
Chr1 30800000 30999999 1861
Chr1 31000000 31199999 1886
Chr1 31200000 31399999 1877
Chr1 31400000 31599999 1797
Chr1 31600000 31799999 1854
Chr1 31800000 31999999 1930
Chr1 32000000 32199999 1881
Chr1 32200000 32399999 1745
Chr1 32400000 32599999 1904
Chr1 32600000 32799999 1943
Chr1 32800000 32999999 1904
Chr1 33000000 33199999 1827
Chr1 33200000 33399999 1824
Chr1 33400000 33599999 1949
Chr1 33600000 33799999 1730
Chr1 33800000 33999999 1816
Chr1 34000000 34199999 1786
Chr1 34200000 34399999 1857
Chr1 34400000 34599999 1836
Chr1 34600000 34799999 1860
Chr1 34800000 34999999 1847
Chr1 35000000 35199999 1721
Chr1 35200000 35399999 1795
Chr1 35400000 35599999 1817
Chr1 35600000 35799999 1829
Chr1 35800000 35999999 1870
Chr1 36000000 36199999 1926
Chr1 36200000 36399999 1872
Chr1 36400000 36599999 1784
Chr1 36600000 36799999 1858
Chr1 36800000 36999999 1815
Chr1 37000000 37199999 1952
Chr1 37200000 37399999 1697
Chr1 37400000 37599999 1823
Chr1 37600000 37799999 1800
Chr1 37800000 37999999 1843
Chr1 38000000 38199999 1866
Chr1 38200000 38399999 1844
Chr1 38400000 38599999 1853
Chr1 38600000 38799999 1892
Chr1 38800000 38999999 1721
Chr1 39000000 39199999 1872
Chr1 39200000 39399999 1843
Chr1 39400000 39599999 1731
Chr1 39600000 39799999 1876
Chr1 39800000 39999999 1885
Chr1 40000000 40199999 1821
Chr1 40200000 40399999 1822
Chr1 40400000 40599999 1838
Chr1 40600000 40799999 1815
Chr1 40800000 40999999 1860
Chr1 41000000 41199999 1832
Chr1 41200000 41399999 1804
Chr1 41400000 41599999 1644
Chr1 41600000 41799999 1845
Chr1 41800000 41999999 1746
Chr1 42000000 42199999 1838
Chr1 42200000 42399999 1917
Chr1 42400000 42599999 1810
Chr1 42600000 42799999 1890
Chr1 42800000 42999999 1811
Chr1 43000000 43199999 1824
Chr1 43200000 43270923 642
Chr10 0 199999 1719
Chr10 200000 399999 1919
Chr10 400000 599999 1868
Chr10 600000 799999 1886
Chr10 800000 999999 1804
Chr10 1000000 1199999 1819
Chr10 1200000 1399999 1961
Chr10 1400000 1599999 1691
Chr10 1600000 1799999 1775
Chr10 1800000 1999999 1993
Chr10 2000000 2199999 1856
Chr10 2200000 2399999 1842
Chr10 2400000 2599999 1823
Chr10 2600000 2799999 1822
Chr10 2800000 2999999 1805
Chr10 3000000 3199999 1878
Chr10 3200000 3399999 1811
Chr10 3400000 3599999 1827
Chr10 3600000 3799999 1839
Chr10 3800000 3999999 1885
Chr10 4000000 4199999 223
Chr10 4200000 4399999 1399
Chr10 4400000 4599999 1816
Chr10 4600000 4799999 1905
Chr10 4800000 4999999 1756
Chr10 5000000 5199999 1831
Chr10 5200000 5399999 1829
Chr10 5400000 5599999 1846
Chr10 5600000 5799999 1901
Chr10 5800000 5999999 1861
Chr10 6000000 6199999 1908
Chr10 6200000 6399999 1903
Chr10 6400000 6599999 1901
Chr10 6600000 6799999 1805
Chr10 6800000 6999999 1879
Chr10 7000000 7199999 1767
Chr10 7200000 7399999 1975
Chr10 7400000 7599999 1959
Chr10 7600000 7799999 1797
Chr10 7800000 7999999 1302
Chr10 8000000 8199999 307
Chr10 8200000 8399999 1765
Chr10 8400000 8599999 1782
Chr10 8600000 8799999 1910
Chr10 8800000 8999999 1906
Chr10 9000000 9199999 1934
Chr10 9200000 9399999 1796
Chr10 9400000 9599999 1845
Chr10 9600000 9799999 1887
Chr10 9800000 9999999 1962
Chr10 10000000 10199999 1753
Chr10 10200000 10399999 1929
Chr10 10400000 10599999 1908
Chr10 10600000 10799999 1907
Chr10 10800000 10999999 1716
Chr10 11000000 11199999 1914
Chr10 11200000 11399999 1984
Chr10 11400000 11599999 1893
Chr10 11600000 11799999 1729
Chr10 11800000 11999999 1843
Chr10 12000000 12199999 1785
Chr10 12200000 12399999 1859
Chr10 12400000 12599999 1915
Chr10 12600000 12799999 1898
Chr10 12800000 12999999 1916
Chr10 13000000 13199999 1784
Chr10 13200000 13399999 1857
Chr10 13400000 13599999 1835
Chr10 13600000 13799999 1788
Chr10 13800000 13999999 1839
Chr10 14000000 14199999 1958
Chr10 14200000 14399999 1865
Chr10 14400000 14599999 1821
Chr10 14600000 14799999 1791
Chr10 14800000 14999999 1821
Chr10 15000000 15199999 1682
Chr10 15200000 15399999 1776
Chr10 15400000 15599999 1837
Chr10 15600000 15799999 1732
Chr10 15800000 15999999 1709
Chr10 16000000 16199999 1820
Chr10 16200000 16399999 1791
Chr10 16400000 16599999 1799
Chr10 16600000 16799999 1887
Chr10 16800000 16999999 1776
Chr10 17000000 17199999 1637
Chr10 17200000 17399999 1745
Chr10 17400000 17599999 1812
Chr10 17600000 17799999 1726
Chr10 17800000 17999999 1908
Chr10 18000000 18199999 1807
Chr10 18200000 18399999 1853
Chr10 18400000 18599999 1814
Chr10 18600000 18799999 1796
Chr10 18800000 18999999 1779
Chr10 19000000 19199999 1800
Chr10 19200000 19399999 1706
Chr10 19400000 19599999 1767
Chr10 19600000 19799999 1767
Chr10 19800000 19999999 1619
Chr10 20000000 20199999 1743
Chr10 20200000 20399999 1721
Chr10 20400000 20599999 1678
Chr10 20600000 20799999 1684
Chr10 20800000 20999999 1757
Chr10 21000000 21199999 1732
Chr10 21200000 21399999 1817
Chr10 21400000 21599999 1896
Chr10 21600000 21799999 1713
Chr10 21800000 21999999 1929
Chr10 22000000 22199999 1780
Chr10 22200000 22399999 1877
Chr10 22400000 22599999 1791
Chr10 22600000 22799999 1792
Chr10 22800000 22999999 1810
Chr10 23000000 23199999 1938
Chr10 23200000 23207287 74
Chr11 0 199999 1888
Chr11 200000 399999 1840
Chr11 400000 599999 1805
Chr11 600000 799999 1863
Chr11 800000 999999 1792
Chr11 1000000 1199999 1847
Chr11 1200000 1399999 1908
Chr11 1400000 1599999 1849
Chr11 1600000 1799999 1928
Chr11 1800000 1999999 1728
Chr11 2000000 2199999 1789
Chr11 2200000 2399999 1773
Chr11 2400000 2599999 1689
Chr11 2600000 2799999 1812
Chr11 2800000 2999999 1872
Chr11 3000000 3199999 1789
Chr11 3200000 3399999 1743
Chr11 3400000 3599999 1862
Chr11 3600000 3799999 1765
Chr11 3800000 3999999 1793
Chr11 4000000 4199999 1798
Chr11 4200000 4399999 1785
Chr11 4400000 4599999 1794
Chr11 4600000 4799999 1824
Chr11 4800000 4999999 1752
Chr11 5000000 5199999 1711
Chr11 5200000 5399999 1895
Chr11 5400000 5599999 1816
Chr11 5600000 5799999 1803
Chr11 5800000 5999999 1831
Chr11 6000000 6199999 1856
Chr11 6200000 6399999 1864
Chr11 6400000 6599999 1841
Chr11 6600000 6799999 1880
Chr11 6800000 6999999 1828
Chr11 7000000 7199999 1679
Chr11 7200000 7399999 1815
Chr11 7400000 7599999 1646
Chr11 7600000 7799999 1796
Chr11 7800000 7999999 1739
Chr11 8000000 8199999 1818
Chr11 8200000 8399999 1880
Chr11 8400000 8599999 1931
Chr11 8600000 8799999 1891
Chr11 8800000 8999999 1711
Chr11 9000000 9199999 1899
Chr11 9200000 9399999 1896
Chr11 9400000 9599999 1857
Chr11 9600000 9799999 1826
Chr11 9800000 9999999 1904
Chr11 10000000 10199999 1929
Chr11 10200000 10399999 1928
Chr11 10400000 10599999 1886
Chr11 10600000 10799999 1919
Chr11 10800000 10999999 1864
Chr11 11000000 11199999 1932
Chr11 11200000 11399999 2001
Chr11 11400000 11599999 1933
Chr11 11600000 11799999 1888
Chr11 11800000 11999999 1985
Chr11 12000000 12199999 389
Chr11 12200000 12399999 44
Chr11 12400000 12599999 882
Chr11 12600000 12799999 1940
Chr11 12800000 12999999 1976
Chr11 13000000 13199999 2098
Chr11 13200000 13399999 1958
Chr11 13400000 13599999 1816
Chr11 13600000 13799999 1849
Chr11 13800000 13999999 1893
Chr11 14000000 14199999 1881
Chr11 14200000 14399999 1761
Chr11 14400000 14599999 1803
Chr11 14600000 14799999 1941
Chr11 14800000 14999999 1870
Chr11 15000000 15199999 1731
Chr11 15200000 15399999 1847
Chr11 15400000 15599999 1838
Chr11 15600000 15799999 1965
Chr11 15800000 15999999 1910
Chr11 16000000 16199999 1993
Chr11 16200000 16399999 1983
Chr11 16400000 16599999 1903
Chr11 16600000 16799999 1866
Chr11 16800000 16999999 1852
Chr11 17000000 17199999 1915
Chr11 17200000 17399999 1802
Chr11 17400000 17599999 1938
Chr11 17600000 17799999 1762
Chr11 17800000 17999999 1858
Chr11 18000000 18199999 1772
Chr11 18200000 18399999 1946
Chr11 18400000 18599999 1905
Chr11 18600000 18799999 1918
Chr11 18800000 18999999 1820
Chr11 19000000 19199999 1848
Chr11 19200000 19399999 1713
Chr11 19400000 19599999 1851
Chr11 19600000 19799999 1550
Chr11 19800000 19999999 1262
Chr11 20000000 20199999 1763
Chr11 20200000 20399999 1652
Chr11 20400000 20599999 1833
Chr11 20600000 20799999 1798
Chr11 20800000 20999999 1910
Chr11 21000000 21199999 1861
Chr11 21200000 21399999 1796
Chr11 21400000 21599999 1842
Chr11 21600000 21799999 1817
Chr11 21800000 21999999 1810
Chr11 22000000 22199999 1666
Chr11 22200000 22399999 1799
Chr11 22400000 22599999 1844
Chr11 22600000 22799999 1611
Chr11 22800000 22999999 1715
Chr11 23000000 23199999 1880
Chr11 23200000 23399999 1818
Chr11 23400000 23599999 1868
Chr11 23600000 23799999 1680
Chr11 23800000 23999999 1739
Chr11 24000000 24199999 1826
Chr11 24200000 24399999 1838
Chr11 24400000 24599999 1894
Chr11 24600000 24799999 1888
Chr11 24800000 24999999 1848
Chr11 25000000 25199999 1903
Chr11 25200000 25399999 1801
Chr11 25400000 25599999 1609
Chr11 25600000 25799999 1819
Chr11 25800000 25999999 1598
Chr11 26000000 26199999 1725
Chr11 26200000 26399999 1721
Chr11 26400000 26599999 1784
Chr11 26600000 26799999 1784
Chr11 26800000 26999999 1635
Chr11 27000000 27199999 1801
Chr11 27200000 27399999 1893
Chr11 27400000 27599999 1836
Chr11 27600000 27799999 1766
Chr11 27800000 27999999 1807
Chr11 28000000 28199999 1284
Chr11 28200000 28399999 1760
Chr11 28400000 28599999 1663
Chr11 28600000 28799999 1853
Chr11 28800000 28999999 1865
Chr11 29000000 29021106 196
Chr12 0 199999 1274
Chr12 200000 399999 1804
Chr12 400000 599999 1837
Chr12 600000 799999 1877
Chr12 800000 999999 1858
Chr12 1000000 1199999 1876
Chr12 1200000 1399999 1869
Chr12 1400000 1599999 1885
Chr12 1600000 1799999 1776
Chr12 1800000 1999999 1692
Chr12 2000000 2199999 1902
Chr12 2200000 2399999 1806
Chr12 2400000 2599999 1725
Chr12 2600000 2799999 1834
Chr12 2800000 2999999 1849
Chr12 3000000 3199999 1868
Chr12 3200000 3399999 1820
Chr12 3400000 3599999 1852
Chr12 3600000 3799999 1728
Chr12 3800000 3999999 1773
Chr12 4000000 4199999 1766
Chr12 4200000 4399999 1947
Chr12 4400000 4599999 1791
Chr12 4600000 4799999 1884
Chr12 4800000 4999999 1860
Chr12 5000000 5199999 1822
Chr12 5200000 5399999 1893
Chr12 5400000 5599999 1823
Chr12 5600000 5799999 1868
Chr12 5800000 5999999 1904
Chr12 6000000 6199999 1823
Chr12 6200000 6399999 1817
Chr12 6400000 6599999 1800
Chr12 6600000 6799999 1662
Chr12 6800000 6999999 1866
Chr12 7000000 7199999 1682
Chr12 7200000 7399999 1904
Chr12 7400000 7599999 1832
Chr12 7600000 7799999 1853
Chr12 7800000 7999999 1698
Chr12 8000000 8199999 1882
Chr12 8200000 8399999 1896
Chr12 8400000 8599999 1990
Chr12 8600000 8799999 1901
Chr12 8800000 8999999 1827
Chr12 9000000 9199999 1963
Chr12 9200000 9399999 1914
Chr12 9400000 9599999 1707
Chr12 9600000 9799999 1825
Chr12 9800000 9999999 1946
Chr12 10000000 10199999 1940
Chr12 10200000 10399999 1918
Chr12 10400000 10599999 1882
Chr12 10600000 10799999 1854
Chr12 10800000 10999999 1898
Chr12 11000000 11199999 1820
Chr12 11200000 11399999 1986
Chr12 11400000 11599999 1736
Chr12 11600000 11799999 2028
Chr12 11800000 11999999 1918
Chr12 12000000 12199999 1980
Chr12 12200000 12399999 1904
Chr12 12400000 12599999 1862
Chr12 12600000 12799999 1877
Chr12 12800000 12999999 1815
Chr12 13000000 13199999 1825
Chr12 13200000 13399999 2072
Chr12 13400000 13599999 1855
Chr12 13600000 13799999 1938
Chr12 13800000 13999999 1854
Chr12 14000000 14199999 1876
Chr12 14200000 14399999 1920
Chr12 14400000 14599999 1779
Chr12 14600000 14799999 1866
Chr12 14800000 14999999 1912
Chr12 15000000 15199999 1818
Chr12 15200000 15399999 1881
Chr12 15400000 15599999 1875
Chr12 15600000 15799999 1888
Chr12 15800000 15999999 1905
Chr12 16000000 16199999 1854
Chr12 16200000 16399999 1760
Chr12 16400000 16599999 1817
Chr12 16600000 16799999 1789
Chr12 16800000 16999999 1589
Chr12 17000000 17199999 1560
Chr12 17200000 17399999 1836
Chr12 17400000 17599999 1885
Chr12 17600000 17799999 1559
Chr12 17800000 17999999 1837
Chr12 18000000 18199999 1794
Chr12 18200000 18399999 1726
Chr12 18400000 18599999 1782
Chr12 18600000 18799999 1760
Chr12 18800000 18999999 1755
Chr12 19000000 19199999 1631
Chr12 19200000 19399999 1862
Chr12 19400000 19599999 1893
Chr12 19600000 19799999 1858
Chr12 19800000 19999999 1816
Chr12 20000000 20199999 1840
Chr12 20200000 20399999 1811
Chr12 20400000 20599999 1529
Chr12 20600000 20799999 1912
Chr12 20800000 20999999 1788
Chr12 21000000 21199999 2012
Chr12 21200000 21399999 1710
Chr12 21400000 21599999 1856
Chr12 21600000 21799999 1782
Chr12 21800000 21999999 1915
Chr12 22000000 22199999 1905
Chr12 22200000 22399999 1784
Chr12 22400000 22599999 1809
Chr12 22600000 22799999 1692
Chr12 22800000 22999999 1697
Chr12 23000000 23199999 1835
Chr12 23200000 23399999 1801
Chr12 23400000 23599999 1742
Chr12 23600000 23799999 1623
Chr12 23800000 23999999 1847
Chr12 24000000 24199999 1744
Chr12 24200000 24399999 1969
Chr12 24400000 24599999 1895
Chr12 24600000 24799999 1855
Chr12 24800000 24999999 1863
Chr12 25000000 25199999 1762
Chr12 25200000 25399999 1693
Chr12 25400000 25599999 1804
Chr12 25600000 25799999 1638
Chr12 25800000 25999999 1933
Chr12 26000000 26199999 1751
Chr12 26200000 26399999 1784
Chr12 26400000 26599999 1774
Chr12 26600000 26799999 1740
Chr12 26800000 26999999 1832
Chr12 27000000 27199999 1648
Chr12 27200000 27399999 1796
Chr12 27400000 27531856 1266
Chr2 0 199999 1922
Chr2 200000 399999 1746
Chr2 400000 599999 1891
Chr2 600000 799999 1793
Chr2 800000 999999 1934
Chr2 1000000 1199999 1783
Chr2 1200000 1399999 1718
Chr2 1400000 1599999 1799
Chr2 1600000 1799999 1936
Chr2 1800000 1999999 1702
Chr2 2000000 2199999 1747
Chr2 2200000 2399999 1870
Chr2 2400000 2599999 1835
Chr2 2600000 2799999 1796
Chr2 2800000 2999999 1939
Chr2 3000000 3199999 1760
Chr2 3200000 3399999 1909
Chr2 3400000 3599999 1791
Chr2 3600000 3799999 1834
Chr2 3800000 3999999 1856
Chr2 4000000 4199999 1756
Chr2 4200000 4399999 1730
Chr2 4400000 4599999 1752
Chr2 4600000 4799999 1766
Chr2 4800000 4999999 1658
Chr2 5000000 5199999 1762
Chr2 5200000 5399999 1832
Chr2 5400000 5599999 1821
Chr2 5600000 5799999 1814
Chr2 5800000 5999999 1866
Chr2 6000000 6199999 1783
Chr2 6200000 6399999 1972
Chr2 6400000 6599999 1813
Chr2 6600000 6799999 1766
Chr2 6800000 6999999 1781
Chr2 7000000 7199999 1796
Chr2 7200000 7399999 1744
Chr2 7400000 7599999 1758
Chr2 7600000 7799999 1842
Chr2 7800000 7999999 1834
Chr2 8000000 8199999 1793
Chr2 8200000 8399999 1753
Chr2 8400000 8599999 1837
Chr2 8600000 8799999 1765
Chr2 8800000 8999999 1789
Chr2 9000000 9199999 1792
Chr2 9200000 9399999 1544
Chr2 9400000 9599999 1788
Chr2 9600000 9799999 1718
Chr2 9800000 9999999 1862
Chr2 10000000 10199999 1856
Chr2 10200000 10399999 1880
Chr2 10400000 10599999 1984
Chr2 10600000 10799999 1840
Chr2 10800000 10999999 1873
Chr2 11000000 11199999 1830
Chr2 11200000 11399999 1954
Chr2 11400000 11599999 1955
Chr2 11600000 11799999 1884
Chr2 11800000 11999999 1756
Chr2 12000000 12199999 1900
Chr2 12200000 12399999 1995
Chr2 12400000 12599999 1893
Chr2 12600000 12799999 1932
Chr2 12800000 12999999 2025
Chr2 13000000 13199999 1962
Chr2 13200000 13399999 1949
Chr2 13400000 13599999 2007
Chr2 13600000 13799999 2078
Chr2 13800000 13999999 1972
Chr2 14000000 14199999 1904
Chr2 14200000 14399999 1859
Chr2 14400000 14599999 2107
Chr2 14600000 14799999 2035
Chr2 14800000 14999999 1900
Chr2 15000000 15199999 1978
Chr2 15200000 15399999 1906
Chr2 15400000 15599999 1860
Chr2 15600000 15799999 1834
Chr2 15800000 15999999 1975
Chr2 16000000 16199999 1740
Chr2 16200000 16399999 1856
Chr2 16400000 16599999 1849
Chr2 16600000 16799999 1765
Chr2 16800000 16999999 1730
Chr2 17000000 17199999 1808
Chr2 17200000 17399999 1920
Chr2 17400000 17599999 1915
Chr2 17600000 17799999 2009
Chr2 17800000 17999999 1752
Chr2 18000000 18199999 1808
Chr2 18200000 18399999 1822
Chr2 18400000 18599999 1835
Chr2 18600000 18799999 1884
Chr2 18800000 18999999 1875
Chr2 19000000 19199999 1767
Chr2 19200000 19399999 1783
Chr2 19400000 19599999 1873
Chr2 19600000 19799999 1762
Chr2 19800000 19999999 1817
Chr2 20000000 20199999 1788
Chr2 20200000 20399999 1962
Chr2 20400000 20599999 1773
Chr2 20600000 20799999 1847
Chr2 20800000 20999999 1892
Chr2 21000000 21199999 1859
Chr2 21200000 21399999 1533
Chr2 21400000 21599999 1768
Chr2 21600000 21799999 1586
Chr2 21800000 21999999 1707
Chr2 22000000 22199999 1845
Chr2 22200000 22399999 1738
Chr2 22400000 22599999 1794
Chr2 22600000 22799999 1675
Chr2 22800000 22999999 1902
Chr2 23000000 23199999 1799
Chr2 23200000 23399999 1670
Chr2 23400000 23599999 1729
Chr2 23600000 23799999 1792
Chr2 23800000 23999999 1902
Chr2 24000000 24199999 1957
Chr2 24200000 24399999 1788
Chr2 24400000 24599999 1886
Chr2 24600000 24799999 1795
Chr2 24800000 24999999 1819
Chr2 25000000 25199999 1732
Chr2 25200000 25399999 1900
Chr2 25400000 25599999 1771
Chr2 25600000 25799999 1873
Chr2 25800000 25999999 1813
Chr2 26000000 26199999 1672
Chr2 26200000 26399999 1754
Chr2 26400000 26599999 1794
Chr2 26600000 26799999 1730
Chr2 26800000 26999999 1901
Chr2 27000000 27199999 1843
Chr2 27200000 27399999 1843
Chr2 27400000 27599999 1856
Chr2 27600000 27799999 1716
Chr2 27800000 27999999 1828
Chr2 28000000 28199999 1779
Chr2 28200000 28399999 1801
Chr2 28400000 28599999 1811
Chr2 28600000 28799999 1994
Chr2 28800000 28999999 1871
Chr2 29000000 29199999 1806
Chr2 29200000 29399999 1926
Chr2 29400000 29599999 1811
Chr2 29600000 29799999 1800
Chr2 29800000 29999999 1892
Chr2 30000000 30199999 1850
Chr2 30200000 30399999 1749
Chr2 30400000 30599999 1867
Chr2 30600000 30799999 1806
Chr2 30800000 30999999 1789
Chr2 31000000 31199999 1950
Chr2 31200000 31399999 1796
Chr2 31400000 31599999 1828
Chr2 31600000 31799999 1851
Chr2 31800000 31999999 1694
Chr2 32000000 32199999 1770
Chr2 32200000 32399999 1783
Chr2 32400000 32599999 1891
Chr2 32600000 32799999 1826
Chr2 32800000 32999999 1924
Chr2 33000000 33199999 1794
Chr2 33200000 33399999 1908
Chr2 33400000 33599999 1815
Chr2 33600000 33799999 1856
Chr2 33800000 33999999 1872
Chr2 34000000 34199999 1557
Chr2 34200000 34399999 1795
Chr2 34400000 34599999 1819
Chr2 34600000 34799999 1825
Chr2 34800000 34999999 1831
Chr2 35000000 35199999 1988
Chr2 35200000 35399999 1836
Chr2 35400000 35599999 1900
Chr2 35600000 35799999 1906
Chr2 35800000 35937250 1320
Chr3 0 199999 1639
Chr3 200000 399999 1740
Chr3 400000 599999 1782
Chr3 600000 799999 1898
Chr3 800000 999999 1851
Chr3 1000000 1199999 1968
Chr3 1200000 1399999 1905
Chr3 1400000 1599999 1900
Chr3 1600000 1799999 1888
Chr3 1800000 1999999 1798
Chr3 2000000 2199999 1842
Chr3 2200000 2399999 1847
Chr3 2400000 2599999 1831
Chr3 2600000 2799999 1796
Chr3 2800000 2999999 1812
Chr3 3000000 3199999 1768
Chr3 3200000 3399999 1839
Chr3 3400000 3599999 1849
Chr3 3600000 3799999 1822
Chr3 3800000 3999999 1810
Chr3 4000000 4199999 1803
Chr3 4200000 4399999 1802
Chr3 4400000 4599999 1876
Chr3 4600000 4799999 1760
Chr3 4800000 4999999 1847
Chr3 5000000 5199999 1866
Chr3 5200000 5399999 1990
Chr3 5400000 5599999 1838
Chr3 5600000 5799999 1863
Chr3 5800000 5999999 1861
Chr3 6000000 6199999 1871
Chr3 6200000 6399999 1863
Chr3 6400000 6599999 1824
Chr3 6600000 6799999 1872
Chr3 6800000 6999999 1848
Chr3 7000000 7199999 1756
Chr3 7200000 7399999 1863
Chr3 7400000 7599999 1748
Chr3 7600000 7799999 1881
Chr3 7800000 7999999 1891
Chr3 8000000 8199999 1790
Chr3 8200000 8399999 1814
Chr3 8400000 8599999 1805
Chr3 8600000 8799999 1826
Chr3 8800000 8999999 1859
Chr3 9000000 9199999 1709
Chr3 9200000 9399999 1826
Chr3 9400000 9599999 1880
Chr3 9600000 9799999 1816
Chr3 9800000 9999999 1829
Chr3 10000000 10199999 1810
Chr3 10200000 10399999 1821
Chr3 10400000 10599999 1702
Chr3 10600000 10799999 1714
Chr3 10800000 10999999 1810
Chr3 11000000 11199999 1845
Chr3 11200000 11399999 1896
Chr3 11400000 11599999 1873
Chr3 11600000 11799999 1825
Chr3 11800000 11999999 1864
Chr3 12000000 12199999 1881
Chr3 12200000 12399999 1900
Chr3 12400000 12599999 1846
Chr3 12600000 12799999 1757
Chr3 12800000 12999999 1865
Chr3 13000000 13199999 1788
Chr3 13200000 13399999 1861
Chr3 13400000 13599999 1599
Chr3 13600000 13799999 1927
Chr3 13800000 13999999 1796
Chr3 14000000 14199999 1813
Chr3 14200000 14399999 1829
Chr3 14400000 14599999 1699
Chr3 14600000 14799999 1854
Chr3 14800000 14999999 1841
Chr3 15000000 15199999 1765
Chr3 15200000 15399999 1866
Chr3 15400000 15599999 1812
Chr3 15600000 15799999 1842
Chr3 15800000 15999999 1912
Chr3 16000000 16199999 1844
Chr3 16200000 16399999 1516
Chr3 16400000 16599999 1752
Chr3 16600000 16799999 1897
Chr3 16800000 16999999 1889
Chr3 17000000 17199999 1790
Chr3 17200000 17399999 1815
Chr3 17400000 17599999 1843
Chr3 17600000 17799999 1863
Chr3 17800000 17999999 1925
Chr3 18000000 18199999 1890
Chr3 18200000 18399999 1345
Chr3 18400000 18599999 1518
Chr3 18600000 18799999 2017
Chr3 18800000 18999999 1833
Chr3 19000000 19199999 1966
Chr3 19200000 19399999 2035
Chr3 19400000 19599999 1954
Chr3 19600000 19799999 2031
Chr3 19800000 19999999 2034
Chr3 20000000 20199999 2001
Chr3 20200000 20399999 1909
Chr3 20400000 20599999 1843
Chr3 20600000 20799999 2048
Chr3 20800000 20999999 1843
Chr3 21000000 21199999 1907
Chr3 21200000 21399999 1804
Chr3 21400000 21599999 1839
Chr3 21600000 21799999 1908
Chr3 21800000 21999999 1809
Chr3 22000000 22199999 1848
Chr3 22200000 22399999 1955
Chr3 22400000 22599999 1925
Chr3 22600000 22799999 1746
Chr3 22800000 22999999 1854
Chr3 23000000 23199999 1807
Chr3 23200000 23399999 1912
Chr3 23400000 23599999 1899
Chr3 23600000 23799999 1870
Chr3 23800000 23999999 1925
Chr3 24000000 24199999 1854
Chr3 24200000 24399999 1827
Chr3 24400000 24599999 1866
Chr3 24600000 24799999 1697
Chr3 24800000 24999999 1718
Chr3 25000000 25199999 1806
Chr3 25200000 25399999 1771
Chr3 25400000 25599999 1783
Chr3 25600000 25799999 1797
Chr3 25800000 25999999 1736
Chr3 26000000 26199999 1794
Chr3 26200000 26399999 1789
Chr3 26400000 26599999 1662
Chr3 26600000 26799999 1800
Chr3 26800000 26999999 1848
Chr3 27000000 27199999 1942
Chr3 27200000 27399999 1872
Chr3 27400000 27599999 1799
Chr3 27600000 27799999 1729
Chr3 27800000 27999999 1859
Chr3 28000000 28199999 1787
Chr3 28200000 28399999 1869
Chr3 28400000 28599999 1867
Chr3 28600000 28799999 1900
Chr3 28800000 28999999 1840
Chr3 29000000 29199999 1847
Chr3 29200000 29399999 1725
Chr3 29400000 29599999 1837
Chr3 29600000 29799999 1761
Chr3 29800000 29999999 1799
Chr3 30000000 30199999 1862
Chr3 30200000 30399999 1757
Chr3 30400000 30599999 1823
Chr3 30600000 30799999 1765
Chr3 30800000 30999999 1785
Chr3 31000000 31199999 1723
Chr3 31200000 31399999 1731
Chr3 31400000 31599999 1723
Chr3 31600000 31799999 1792
Chr3 31800000 31999999 1723
Chr3 32000000 32199999 1880
Chr3 32200000 32399999 1922
Chr3 32400000 32599999 1835
Chr3 32600000 32799999 1837
Chr3 32800000 32999999 1749
Chr3 33000000 33199999 1829
Chr3 33200000 33399999 1937
Chr3 33400000 33599999 1785
Chr3 33600000 33799999 1789
Chr3 33800000 33999999 1748
Chr3 34000000 34199999 1804
Chr3 34200000 34399999 1819
Chr3 34400000 34599999 1824
Chr3 34600000 34799999 1875
Chr3 34800000 34999999 1725
Chr3 35000000 35199999 1923
Chr3 35200000 35399999 1780
Chr3 35400000 35599999 1849
Chr3 35600000 35799999 1780
Chr3 35800000 35999999 1876
Chr3 36000000 36199999 1804
Chr3 36200000 36399999 1966
Chr3 36400000 36413819 58
Chr4 0 199999 1847
Chr4 200000 399999 1916
Chr4 400000 599999 1630
Chr4 600000 799999 2008
Chr4 800000 999999 1717
Chr4 1000000 1199999 1559
Chr4 1200000 1399999 1858
Chr4 1400000 1599999 1836
Chr4 1600000 1799999 1775
Chr4 1800000 1999999 1872
Chr4 2000000 2199999 1796
Chr4 2200000 2399999 1732
Chr4 2400000 2599999 1671
Chr4 2600000 2799999 1740
Chr4 2800000 2999999 1951
Chr4 3000000 3199999 1817
Chr4 3200000 3399999 1661
Chr4 3400000 3599999 1860
Chr4 3600000 3799999 1763
Chr4 3800000 3999999 1785
Chr4 4000000 4199999 1849
Chr4 4200000 4399999 1848
Chr4 4400000 4599999 1758
Chr4 4600000 4799999 1666
Chr4 4800000 4999999 1763
Chr4 5000000 5199999 1876
Chr4 5200000 5399999 1709
Chr4 5400000 5599999 1854
Chr4 5600000 5799999 1774
Chr4 5800000 5999999 1941
Chr4 6000000 6199999 1823
Chr4 6200000 6399999 1971
Chr4 6400000 6599999 1846
Chr4 6600000 6799999 1766
Chr4 6800000 6999999 1837
Chr4 7000000 7199999 1791
Chr4 7200000 7399999 1888
Chr4 7400000 7599999 1709
Chr4 7600000 7799999 1645
Chr4 7800000 7999999 1885
Chr4 8000000 8199999 1959
Chr4 8200000 8399999 1911
Chr4 8400000 8599999 1846
Chr4 8600000 8799999 1835
Chr4 8800000 8999999 1949
Chr4 9000000 9199999 1214
Chr4 9200000 9399999 1806
Chr4 9400000 9599999 1879
Chr4 9600000 9799999 1957
Chr4 9800000 9999999 2074
Chr4 10000000 10199999 1804
Chr4 10200000 10399999 1953
Chr4 10400000 10599999 1870
Chr4 10600000 10799999 1992
Chr4 10800000 10999999 1858
Chr4 11000000 11199999 1705
Chr4 11200000 11399999 1794
Chr4 11400000 11599999 1802
Chr4 11600000 11799999 1766
Chr4 11800000 11999999 1729
Chr4 12000000 12199999 1842
Chr4 12200000 12399999 1856
Chr4 12400000 12599999 1794
Chr4 12600000 12799999 1943
Chr4 12800000 12999999 1942
Chr4 13000000 13199999 2025
Chr4 13200000 13399999 1952
Chr4 13400000 13599999 1925
Chr4 13600000 13799999 1819
Chr4 13800000 13999999 1831
Chr4 14000000 14199999 1826
Chr4 14200000 14399999 1837
Chr4 14400000 14599999 1692
Chr4 14600000 14799999 1785
Chr4 14800000 14999999 1791
Chr4 15000000 15199999 1801
Chr4 15200000 15399999 1759
Chr4 15400000 15599999 1697
Chr4 15600000 15799999 485
Chr4 15800000 15999999 1960
Chr4 16000000 16199999 1745
Chr4 16200000 16399999 1917
Chr4 16400000 16599999 1725
Chr4 16600000 16799999 1789
Chr4 16800000 16999999 1847
Chr4 17000000 17199999 1869
Chr4 17200000 17399999 1940
Chr4 17400000 17599999 2017
Chr4 17600000 17799999 1914
Chr4 17800000 17999999 1755
Chr4 18000000 18199999 1761
Chr4 18200000 18399999 1787
Chr4 18400000 18599999 1776
Chr4 18600000 18799999 1897
Chr4 18800000 18999999 1511
Chr4 19000000 19199999 1790
Chr4 19200000 19399999 1721
Chr4 19400000 19599999 1802
Chr4 19600000 19799999 1783
Chr4 19800000 19999999 1743
Chr4 20000000 20199999 1803
Chr4 20200000 20399999 1731
Chr4 20400000 20599999 1786
Chr4 20600000 20799999 1728
Chr4 20800000 20999999 1756
Chr4 21000000 21199999 1909
Chr4 21200000 21399999 1758
Chr4 21400000 21599999 1790
Chr4 21600000 21799999 1803
Chr4 21800000 21999999 1697
Chr4 22000000 22199999 1357
Chr4 22200000 22399999 1746
Chr4 22400000 22599999 1639
Chr4 22600000 22799999 1550
Chr4 22800000 22999999 1708
Chr4 23000000 23199999 1793
Chr4 23200000 23399999 1853
Chr4 23400000 23599999 1714
Chr4 23600000 23799999 1856
Chr4 23800000 23999999 1772
Chr4 24000000 24199999 1732
Chr4 24200000 24399999 1876
Chr4 24400000 24599999 1896
Chr4 24600000 24799999 1807
Chr4 24800000 24999999 1798
Chr4 25000000 25199999 1849
Chr4 25200000 25399999 1853
Chr4 25400000 25599999 1826
Chr4 25600000 25799999 1786
Chr4 25800000 25999999 1810
Chr4 26000000 26199999 1730
Chr4 26200000 26399999 1813
Chr4 26400000 26599999 1774
Chr4 26600000 26799999 1774
Chr4 26800000 26999999 1769
Chr4 27000000 27199999 1856
Chr4 27200000 27399999 1755
Chr4 27400000 27599999 1780
Chr4 27600000 27799999 1829
Chr4 27800000 27999999 1687
Chr4 28000000 28199999 1782
Chr4 28200000 28399999 1705
Chr4 28400000 28599999 1889
Chr4 28600000 28799999 1712
Chr4 28800000 28999999 1741
Chr4 29000000 29199999 1750
Chr4 29200000 29399999 1856
Chr4 29400000 29599999 1830
Chr4 29600000 29799999 1638
Chr4 29800000 29999999 1713
Chr4 30000000 30199999 1745
Chr4 30200000 30399999 1698
Chr4 30400000 30599999 1694
Chr4 30600000 30799999 1767
Chr4 30800000 30999999 1800
Chr4 31000000 31199999 1816
Chr4 31200000 31399999 1789
Chr4 31400000 31599999 1889
Chr4 31600000 31799999 1872
Chr4 31800000 31999999 1718
Chr4 32000000 32199999 1658
Chr4 32200000 32399999 1638
Chr4 32400000 32599999 1628
Chr4 32600000 32799999 1779
Chr4 32800000 32999999 1897
Chr4 33000000 33199999 1761
Chr4 33200000 33399999 1602
Chr4 33400000 33599999 1807
Chr4 33600000 33799999 1803
Chr4 33800000 33999999 1775
Chr4 34000000 34199999 1828
Chr4 34200000 34399999 1790
Chr4 34400000 34599999 1814
Chr4 34600000 34799999 1763
Chr4 34800000 34999999 1803
Chr4 35000000 35199999 1836
Chr4 35200000 35399999 1800
Chr4 35400000 35502694 608
Chr5 0 199999 1718
Chr5 200000 399999 1824
Chr5 400000 599999 1871
Chr5 600000 799999 1736
Chr5 800000 999999 1831
Chr5 1000000 1199999 1841
Chr5 1200000 1399999 1808
Chr5 1400000 1599999 1833
Chr5 1600000 1799999 1667
Chr5 1800000 1999999 1720
Chr5 2000000 2199999 1701
Chr5 2200000 2399999 1702
Chr5 2400000 2599999 1870
Chr5 2600000 2799999 1855
Chr5 2800000 2999999 1846
Chr5 3000000 3199999 1809
Chr5 3200000 3399999 1845
Chr5 3400000 3599999 1829
Chr5 3600000 3799999 1909
Chr5 3800000 3999999 1571
Chr5 4000000 4199999 1678
Chr5 4200000 4399999 1712
Chr5 4400000 4599999 1853
Chr5 4600000 4799999 1808
Chr5 4800000 4999999 1769
Chr5 5000000 5199999 1558
Chr5 5200000 5399999 1758
Chr5 5400000 5599999 1718
Chr5 5600000 5799999 1841
Chr5 5800000 5999999 1806
Chr5 6000000 6199999 1830
Chr5 6200000 6399999 1841
Chr5 6400000 6599999 1860
Chr5 6600000 6799999 1822
Chr5 6800000 6999999 1847
Chr5 7000000 7199999 1899
Chr5 7200000 7399999 1857
Chr5 7400000 7599999 1889
Chr5 7600000 7799999 1851
Chr5 7800000 7999999 1873
Chr5 8000000 8199999 1876
Chr5 8200000 8399999 1989
Chr5 8400000 8599999 1807
Chr5 8600000 8799999 1883
Chr5 8800000 8999999 1830
Chr5 9000000 9199999 1870
Chr5 9200000 9399999 1843
Chr5 9400000 9599999 1891
Chr5 9600000 9799999 1860
Chr5 9800000 9999999 1640
Chr5 10000000 10199999 1706
Chr5 10200000 10399999 1893
Chr5 10400000 10599999 1772
Chr5 10600000 10799999 1637
Chr5 10800000 10999999 1864
Chr5 11000000 11199999 1754
Chr5 11200000 11399999 1743
Chr5 11400000 11599999 1573
Chr5 11600000 11799999 1838
Chr5 11800000 11999999 1619
Chr5 12000000 12199999 1787
Chr5 12200000 12399999 1979
Chr5 12400000 12599999 1011
Chr5 12600000 12799999 1912
Chr5 12800000 12999999 1864
Chr5 13000000 13199999 1866
Chr5 13200000 13399999 1721
Chr5 13400000 13599999 1967
Chr5 13600000 13799999 1884
Chr5 13800000 13999999 1984
Chr5 14000000 14199999 1890
Chr5 14200000 14399999 1839
Chr5 14400000 14599999 1942
Chr5 14600000 14799999 1929
Chr5 14800000 14999999 1672
Chr5 15000000 15199999 1898
Chr5 15200000 15399999 1745
Chr5 15400000 15599999 1778
Chr5 15600000 15799999 1805
Chr5 15800000 15999999 1766
Chr5 16000000 16199999 1748
Chr5 16200000 16399999 1879
Chr5 16400000 16599999 1879
Chr5 16600000 16799999 1885
Chr5 16800000 16999999 1850
Chr5 17000000 17199999 1820
Chr5 17200000 17399999 1794
Chr5 17400000 17599999 1921
Chr5 17600000 17799999 1766
Chr5 17800000 17999999 1767
Chr5 18000000 18199999 1871
Chr5 18200000 18399999 1891
Chr5 18400000 18599999 1673
Chr5 18600000 18799999 1918
Chr5 18800000 18999999 1803
Chr5 19000000 19199999 1945
Chr5 19200000 19399999 1848
Chr5 19400000 19599999 1804
Chr5 19600000 19799999 1847
Chr5 19800000 19999999 1700
Chr5 20000000 20199999 1652
Chr5 20200000 20399999 1826
Chr5 20400000 20599999 1799
Chr5 20600000 20799999 1781
Chr5 20800000 20999999 1877
Chr5 21000000 21199999 1697
Chr5 21200000 21399999 1727
Chr5 21400000 21599999 1718
Chr5 21600000 21799999 1784
Chr5 21800000 21999999 1760
Chr5 22000000 22199999 1775
Chr5 22200000 22399999 1806
Chr5 22400000 22599999 1775
Chr5 22600000 22799999 1789
Chr5 22800000 22999999 1832
Chr5 23000000 23199999 1784
Chr5 23200000 23399999 1650
Chr5 23400000 23599999 1704
Chr5 23600000 23799999 1776
Chr5 23800000 23999999 1665
Chr5 24000000 24199999 1882
Chr5 24200000 24399999 1659
Chr5 24400000 24599999 1827
Chr5 24600000 24799999 1801
Chr5 24800000 24999999 1739
Chr5 25000000 25199999 1831
Chr5 25200000 25399999 1803
Chr5 25400000 25599999 1752
Chr5 25600000 25799999 1825
Chr5 25800000 25999999 1642
Chr5 26000000 26199999 1779
Chr5 26200000 26399999 1824
Chr5 26400000 26599999 1768
Chr5 26600000 26799999 1813
Chr5 26800000 26999999 1838
Chr5 27000000 27199999 1847
Chr5 27200000 27399999 1776
Chr5 27400000 27599999 1797
Chr5 27600000 27799999 1859
Chr5 27800000 27999999 1842
Chr5 28000000 28199999 1862
Chr5 28200000 28399999 1861
Chr5 28400000 28599999 1685
Chr5 28600000 28799999 1696
Chr5 28800000 28999999 1885
Chr5 29000000 29199999 1750
Chr5 29200000 29399999 1750
Chr5 29400000 29599999 2010
Chr5 29600000 29799999 1912
Chr5 29800000 29958434 1505
Chr6 0 199999 1984
Chr6 200000 399999 1805
Chr6 400000 599999 1795
Chr6 600000 799999 1961
Chr6 800000 999999 1880
Chr6 1000000 1199999 1612
Chr6 1200000 1399999 1785
Chr6 1400000 1599999 1738
Chr6 1600000 1799999 1731
Chr6 1800000 1999999 1881
Chr6 2000000 2199999 1753
Chr6 2200000 2399999 1810
Chr6 2400000 2599999 1774
Chr6 2600000 2799999 1771
Chr6 2800000 2999999 1760
Chr6 3000000 3199999 1740
Chr6 3200000 3399999 1838
Chr6 3400000 3599999 1804
Chr6 3600000 3799999 1719
Chr6 3800000 3999999 1764
Chr6 4000000 4199999 1798
Chr6 4200000 4399999 1735
Chr6 4400000 4599999 1778
Chr6 4600000 4799999 1787
Chr6 4800000 4999999 1663
Chr6 5000000 5199999 1762
Chr6 5200000 5399999 1807
Chr6 5400000 5599999 1842
Chr6 5600000 5799999 1645
Chr6 5800000 5999999 1797
Chr6 6000000 6199999 1878
Chr6 6200000 6399999 1752
Chr6 6400000 6599999 1844
Chr6 6600000 6799999 1801
Chr6 6800000 6999999 1861
Chr6 7000000 7199999 1672
Chr6 7200000 7399999 1837
Chr6 7400000 7599999 1925
Chr6 7600000 7799999 1765
Chr6 7800000 7999999 1549
Chr6 8000000 8199999 1846
Chr6 8200000 8399999 1776
Chr6 8400000 8599999 1691
Chr6 8600000 8799999 1827
Chr6 8800000 8999999 1690
Chr6 9000000 9199999 1663
Chr6 9200000 9399999 1694
Chr6 9400000 9599999 1813
Chr6 9600000 9799999 1692
Chr6 9800000 9999999 1641
Chr6 10000000 10199999 1725
Chr6 10200000 10399999 1567
Chr6 10400000 10599999 1619
Chr6 10600000 10799999 1720
Chr6 10800000 10999999 1731
Chr6 11000000 11199999 1912
Chr6 11200000 11399999 1896
Chr6 11400000 11599999 1693
Chr6 11600000 11799999 1587
Chr6 11800000 11999999 1845
Chr6 12000000 12199999 1838
Chr6 12200000 12399999 1860
Chr6 12400000 12599999 1765
Chr6 12600000 12799999 1836
Chr6 12800000 12999999 1863
Chr6 13000000 13199999 1932
Chr6 13200000 13399999 1947
Chr6 13400000 13599999 1853
Chr6 13600000 13799999 1959
Chr6 13800000 13999999 1883
Chr6 14000000 14199999 1904
Chr6 14200000 14399999 1900
Chr6 14400000 14599999 1946
Chr6 14600000 14799999 1901
Chr6 14800000 14999999 1955
Chr6 15000000 15199999 1969
Chr6 15200000 15399999 2051
Chr6 15400000 15599999 2057
Chr6 15600000 15799999 2003
Chr6 15800000 15999999 1931
Chr6 16000000 16199999 1921
Chr6 16200000 16399999 1873
Chr6 16400000 16599999 1993
Chr6 16600000 16799999 1869
Chr6 16800000 16999999 1960
Chr6 17000000 17199999 1894
Chr6 17200000 17399999 1969
Chr6 17400000 17599999 1934
Chr6 17600000 17799999 1909
Chr6 17800000 17999999 1881
Chr6 18000000 18199999 1861
Chr6 18200000 18399999 1726
Chr6 18400000 18599999 1661
Chr6 18600000 18799999 1584
Chr6 18800000 18999999 1767
Chr6 19000000 19199999 1874
Chr6 19200000 19399999 1880
Chr6 19400000 19599999 1889
Chr6 19600000 19799999 1794
Chr6 19800000 19999999 1961
Chr6 20000000 20199999 1818
Chr6 20200000 20399999 1790
Chr6 20400000 20599999 1894
Chr6 20600000 20799999 1823
Chr6 20800000 20999999 1770
Chr6 21000000 21199999 1891
Chr6 21200000 21399999 1685
Chr6 21400000 21599999 1724
Chr6 21600000 21799999 1763
Chr6 21800000 21999999 1698
Chr6 22000000 22199999 1861
Chr6 22200000 22399999 1776
Chr6 22400000 22599999 1714
Chr6 22600000 22799999 1817
Chr6 22800000 22999999 1565
Chr6 23000000 23199999 1788
Chr6 23200000 23399999 1767
Chr6 23400000 23599999 1787
Chr6 23600000 23799999 1799
Chr6 23800000 23999999 1819
Chr6 24000000 24199999 1665
Chr6 24200000 24399999 1814
Chr6 24400000 24599999 1731
Chr6 24600000 24799999 1985
Chr6 24800000 24999999 1867
Chr6 25000000 25199999 1755
Chr6 25200000 25399999 1702
Chr6 25400000 25599999 1857
Chr6 25600000 25799999 1791
Chr6 25800000 25999999 1703
Chr6 26000000 26199999 1753
Chr6 26200000 26399999 1874
Chr6 26400000 26599999 1854
Chr6 26600000 26799999 1664
Chr6 26800000 26999999 1707
Chr6 27000000 27199999 1774
Chr6 27200000 27399999 1889
Chr6 27400000 27599999 1875
Chr6 27600000 27799999 1936
Chr6 27800000 27999999 1789
Chr6 28000000 28199999 1780
Chr6 28200000 28399999 1915
Chr6 28400000 28599999 1697
Chr6 28600000 28799999 1893
Chr6 28800000 28999999 1817
Chr6 29000000 29199999 1710
Chr6 29200000 29399999 1490
Chr6 29400000 29599999 1832
Chr6 29600000 29799999 1815
Chr6 29800000 29999999 1776
Chr6 30000000 30199999 1775
Chr6 30200000 30399999 1811
Chr6 30400000 30599999 1786
Chr6 30600000 30799999 1588
Chr6 30800000 30999999 1871
Chr6 31000000 31199999 1965
Chr6 31200000 31248787 511
Chr7 0 199999 1840
Chr7 200000 399999 1703
Chr7 400000 599999 1888
Chr7 600000 799999 1741
Chr7 800000 999999 1870
Chr7 1000000 1199999 1855
Chr7 1200000 1399999 1563
Chr7 1400000 1599999 1750
Chr7 1600000 1799999 1840
Chr7 1800000 1999999 1866
Chr7 2000000 2199999 1766
Chr7 2200000 2399999 1912
Chr7 2400000 2599999 1886
Chr7 2600000 2799999 1858
Chr7 2800000 2999999 1720
Chr7 3000000 3199999 1650
Chr7 3200000 3399999 1832
Chr7 3400000 3599999 1846
Chr7 3600000 3799999 1787
Chr7 3800000 3999999 1724
Chr7 4000000 4199999 1802
Chr7 4200000 4399999 1811
Chr7 4400000 4599999 1756
Chr7 4600000 4799999 1795
Chr7 4800000 4999999 1824
Chr7 5000000 5199999 1661
Chr7 5200000 5399999 1780
Chr7 5400000 5599999 1888
Chr7 5600000 5799999 1899
Chr7 5800000 5999999 1794
Chr7 6000000 6199999 1819
Chr7 6200000 6399999 1875
Chr7 6400000 6599999 1901
Chr7 6600000 6799999 1942
Chr7 6800000 6999999 1954
Chr7 7000000 7199999 1837
Chr7 7200000 7399999 1774
Chr7 7400000 7599999 1934
Chr7 7600000 7799999 1953
Chr7 7800000 7999999 1796
Chr7 8000000 8199999 1910
Chr7 8200000 8399999 1834
Chr7 8400000 8599999 1807
Chr7 8600000 8799999 1893
Chr7 8800000 8999999 1910
Chr7 9000000 9199999 1958
Chr7 9200000 9399999 1918
Chr7 9400000 9599999 1820
Chr7 9600000 9799999 1868
Chr7 9800000 9999999 1782
Chr7 10000000 10199999 1721
Chr7 10200000 10399999 1843
Chr7 10400000 10599999 1790
Chr7 10600000 10799999 1766
Chr7 10800000 10999999 1944
Chr7 11000000 11199999 1866
Chr7 11200000 11399999 1921
Chr7 11400000 11599999 1902
Chr7 11600000 11799999 1884
Chr7 11800000 11999999 1977
Chr7 12000000 12199999 2099
Chr7 12200000 12399999 1770
Chr7 12400000 12599999 1902
Chr7 12600000 12799999 1996
Chr7 12800000 12999999 1967
Chr7 13000000 13199999 1869
Chr7 13200000 13399999 1881
Chr7 13400000 13599999 1872
Chr7 13600000 13799999 1856
Chr7 13800000 13999999 1547
Chr7 14000000 14199999 1843
Chr7 14200000 14399999 1752
Chr7 14400000 14599999 1825
Chr7 14600000 14799999 1885
Chr7 14800000 14999999 1897
Chr7 15000000 15199999 1902
Chr7 15200000 15399999 1923
Chr7 15400000 15599999 1740
Chr7 15600000 15799999 2017
Chr7 15800000 15999999 1913
Chr7 16000000 16199999 1967
Chr7 16200000 16399999 1942
Chr7 16400000 16599999 1852
Chr7 16600000 16799999 1723
Chr7 16800000 16999999 1844
Chr7 17000000 17199999 1766
Chr7 17200000 17399999 1893
Chr7 17400000 17599999 1839
Chr7 17600000 17799999 1861
Chr7 17800000 17999999 1608
Chr7 18000000 18199999 1767
Chr7 18200000 18399999 1651
Chr7 18400000 18599999 1924
Chr7 18600000 18799999 1750
Chr7 18800000 18999999 1694
Chr7 19000000 19199999 1661
Chr7 19200000 19399999 1865
Chr7 19400000 19599999 1695
Chr7 19600000 19799999 1737
Chr7 19800000 19999999 1713
Chr7 20000000 20199999 1828
Chr7 20200000 20399999 1661
Chr7 20400000 20599999 1650
Chr7 20600000 20799999 1879
Chr7 20800000 20999999 1607
Chr7 21000000 21199999 1554
Chr7 21200000 21399999 1756
Chr7 21400000 21599999 1507
Chr7 21600000 21799999 1725
Chr7 21800000 21999999 1640
Chr7 22000000 22199999 1803
Chr7 22200000 22399999 1767
Chr7 22400000 22599999 1682
Chr7 22600000 22799999 1842
Chr7 22800000 22999999 1838
Chr7 23000000 23199999 1725
Chr7 23200000 23399999 1730
Chr7 23400000 23599999 1779
Chr7 23600000 23799999 1832
Chr7 23800000 23999999 1787
Chr7 24000000 24199999 1712
Chr7 24200000 24399999 1666
Chr7 24400000 24599999 1701
Chr7 24600000 24799999 1804
Chr7 24800000 24999999 1577
Chr7 25000000 25199999 1722
Chr7 25200000 25399999 1797
Chr7 25400000 25599999 1697
Chr7 25600000 25799999 1796
Chr7 25800000 25999999 1795
Chr7 26000000 26199999 1659
Chr7 26200000 26399999 1705
Chr7 26400000 26599999 1913
Chr7 26600000 26799999 1753
Chr7 26800000 26999999 1843
Chr7 27000000 27199999 1889
Chr7 27200000 27399999 1685
Chr7 27400000 27599999 1844
Chr7 27600000 27799999 1829
Chr7 27800000 27999999 1865
Chr7 28000000 28199999 1734
Chr7 28200000 28399999 1853
Chr7 28400000 28599999 1843
Chr7 28600000 28799999 1807
Chr7 28800000 28999999 1887
Chr7 29000000 29199999 1897
Chr7 29200000 29399999 1857
Chr7 29400000 29599999 1927
Chr7 29600000 29697621 903
Chr8 0 199999 1913
Chr8 200000 399999 1869
Chr8 400000 599999 1859
Chr8 600000 799999 1741
Chr8 800000 999999 1921
Chr8 1000000 1199999 1690
Chr8 1200000 1399999 1819
Chr8 1400000 1599999 1738
Chr8 1600000 1799999 1842
Chr8 1800000 1999999 1748
Chr8 2000000 2199999 1719
Chr8 2200000 2399999 1597
Chr8 2400000 2599999 1763
Chr8 2600000 2799999 1720
Chr8 2800000 2999999 1717
Chr8 3000000 3199999 1838
Chr8 3200000 3399999 1842
Chr8 3400000 3599999 1779
Chr8 3600000 3799999 1728
Chr8 3800000 3999999 1681
Chr8 4000000 4199999 1869
Chr8 4200000 4399999 1709
Chr8 4400000 4599999 1941
Chr8 4600000 4799999 1714
Chr8 4800000 4999999 1756
Chr8 5000000 5199999 1746
Chr8 5200000 5399999 1765
Chr8 5400000 5599999 1805
Chr8 5600000 5799999 1809
Chr8 5800000 5999999 1918
Chr8 6000000 6199999 1869
Chr8 6200000 6399999 1878
Chr8 6400000 6599999 1867
Chr8 6600000 6799999 1661
Chr8 6800000 6999999 1685
Chr8 7000000 7199999 1783
Chr8 7200000 7399999 1781
Chr8 7400000 7599999 1911
Chr8 7600000 7799999 1940
Chr8 7800000 7999999 1782
Chr8 8000000 8199999 1881
Chr8 8200000 8399999 1867
Chr8 8400000 8599999 1792
Chr8 8600000 8799999 1705
Chr8 8800000 8999999 1874
Chr8 9000000 9199999 1877
Chr8 9200000 9399999 1667
Chr8 9400000 9599999 1838
Chr8 9600000 9799999 1960
Chr8 9800000 9999999 1857
Chr8 10000000 10199999 1821
Chr8 10200000 10399999 1855
Chr8 10400000 10599999 1970
Chr8 10600000 10799999 1854
Chr8 10800000 10999999 1936
Chr8 11000000 11199999 1584
Chr8 11200000 11399999 1691
Chr8 11400000 11599999 1844
Chr8 11600000 11799999 1755
Chr8 11800000 11999999 2016
Chr8 12000000 12199999 1823
Chr8 12200000 12399999 1667
Chr8 12400000 12599999 1620
Chr8 12600000 12799999 1921
Chr8 12800000 12999999 1570
Chr8 13000000 13199999 1759
Chr8 13200000 13399999 1124
Chr8 13400000 13599999 1933
Chr8 13600000 13799999 1993
Chr8 13800000 13999999 1808
Chr8 14000000 14199999 1780
Chr8 14200000 14399999 1823
Chr8 14400000 14599999 1681
Chr8 14600000 14799999 1938
Chr8 14800000 14999999 1683
Chr8 15000000 15199999 1861
Chr8 15200000 15399999 1776
Chr8 15400000 15599999 1766
Chr8 15600000 15799999 1824
Chr8 15800000 15999999 1670
Chr8 16000000 16199999 1871
Chr8 16200000 16399999 1885
Chr8 16400000 16599999 1847
Chr8 16600000 16799999 1887
Chr8 16800000 16999999 1882
Chr8 17000000 17199999 1885
Chr8 17200000 17399999 1861
Chr8 17400000 17599999 1987
Chr8 17600000 17799999 1841
Chr8 17800000 17999999 1766
Chr8 18000000 18199999 1907
Chr8 18200000 18399999 1864
Chr8 18400000 18599999 1760
Chr8 18600000 18799999 1919
Chr8 18800000 18999999 1978
Chr8 19000000 19199999 1895
Chr8 19200000 19399999 1775
Chr8 19400000 19599999 1800
Chr8 19600000 19799999 1746
Chr8 19800000 19999999 1790
Chr8 20000000 20199999 1798
Chr8 20200000 20399999 1661
Chr8 20400000 20599999 1794
Chr8 20600000 20799999 1836
Chr8 20800000 20999999 1809
Chr8 21000000 21199999 1766
Chr8 21200000 21399999 1815
Chr8 21400000 21599999 1928
Chr8 21600000 21799999 1808
Chr8 21800000 21999999 1752
Chr8 22000000 22199999 1786
Chr8 22200000 22399999 1700
Chr8 22400000 22599999 1732
Chr8 22600000 22799999 1734
Chr8 22800000 22999999 1707
Chr8 23000000 23199999 1725
Chr8 23200000 23399999 1774
Chr8 23400000 23599999 1679
Chr8 23600000 23799999 1777
Chr8 23800000 23999999 1821
Chr8 24000000 24199999 1808
Chr8 24200000 24399999 1768
Chr8 24400000 24599999 1798
Chr8 24600000 24799999 1889
Chr8 24800000 24999999 1787
Chr8 25000000 25199999 1812
Chr8 25200000 25399999 1732
Chr8 25400000 25599999 1758
Chr8 25600000 25799999 1884
Chr8 25800000 25999999 1714
Chr8 26000000 26199999 1794
Chr8 26200000 26399999 1815
Chr8 26400000 26599999 1812
Chr8 26600000 26799999 1438
Chr8 26800000 26999999 1902
Chr8 27000000 27199999 1874
Chr8 27200000 27399999 1723
Chr8 27400000 27599999 1744
Chr8 27600000 27799999 1928
Chr8 27800000 27999999 1850
Chr8 28000000 28199999 1775
Chr8 28200000 28399999 1805
Chr8 28400000 28443022 390
Chr9 0 199999 1655
Chr9 200000 399999 1875
Chr9 400000 599999 1844
Chr9 600000 799999 1816
Chr9 800000 999999 1917
Chr9 1000000 1199999 1859
Chr9 1200000 1399999 1974
Chr9 1400000 1599999 1926
Chr9 1600000 1799999 1987
Chr9 1800000 1999999 1904
Chr9 2000000 2199999 1851
Chr9 2200000 2399999 1870
Chr9 2400000 2599999 1901
Chr9 2600000 2799999 1962
Chr9 2800000 2999999 1913
Chr9 3000000 3199999 1903
Chr9 3200000 3399999 1835
Chr9 3400000 3599999 1936
Chr9 3600000 3799999 1959
Chr9 3800000 3999999 1980
Chr9 4000000 4199999 1873
Chr9 4200000 4399999 1952
Chr9 4400000 4599999 1790
Chr9 4600000 4799999 1741
Chr9 4800000 4999999 1738
Chr9 5000000 5199999 1852
Chr9 5200000 5399999 1862
Chr9 5400000 5599999 1742
Chr9 5600000 5799999 1826
Chr9 5800000 5999999 1846
Chr9 6000000 6199999 1869
Chr9 6200000 6399999 1891
Chr9 6400000 6599999 1880
Chr9 6600000 6799999 2043
Chr9 6800000 6999999 1886
Chr9 7000000 7199999 1809
Chr9 7200000 7399999 1835
Chr9 7400000 7599999 1815
Chr9 7600000 7799999 1759
Chr9 7800000 7999999 1747
Chr9 8000000 8199999 1766
Chr9 8200000 8399999 1847
Chr9 8400000 8599999 1750
Chr9 8600000 8799999 1812
Chr9 8800000 8999999 1837
Chr9 9000000 9199999 1947
Chr9 9200000 9399999 1918
Chr9 9400000 9599999 1745
Chr9 9600000 9799999 1780
Chr9 9800000 9999999 1878
Chr9 10000000 10199999 1846
Chr9 10200000 10399999 1876
Chr9 10400000 10599999 1576
Chr9 10600000 10799999 1774
Chr9 10800000 10999999 1883
Chr9 11000000 11199999 1965
Chr9 11200000 11399999 1789
Chr9 11400000 11599999 1856
Chr9 11600000 11799999 1802
Chr9 11800000 11999999 1783
Chr9 12000000 12199999 1804
Chr9 12200000 12399999 1639
Chr9 12400000 12599999 1800
Chr9 12600000 12799999 1703
Chr9 12800000 12999999 1851
Chr9 13000000 13199999 1689
Chr9 13200000 13399999 1910
Chr9 13400000 13599999 2007
Chr9 13600000 13799999 1804
Chr9 13800000 13999999 1753
Chr9 14000000 14199999 1542
Chr9 14200000 14399999 1637
Chr9 14400000 14599999 1796
Chr9 14600000 14799999 1765
Chr9 14800000 14999999 1788
Chr9 15000000 15199999 1722
Chr9 15200000 15399999 1814
Chr9 15400000 15599999 1763
Chr9 15600000 15799999 1742
Chr9 15800000 15999999 1690
Chr9 16000000 16199999 1801
Chr9 16200000 16399999 1748
Chr9 16400000 16599999 1855
Chr9 16600000 16799999 1700
Chr9 16800000 16999999 1887
Chr9 17000000 17199999 1665
Chr9 17200000 17399999 1779
Chr9 17400000 17599999 1720
Chr9 17600000 17799999 1781
Chr9 17800000 17999999 1736
Chr9 18000000 18199999 1837
Chr9 18200000 18399999 1743
Chr9 18400000 18599999 1762
Chr9 18600000 18799999 1729
Chr9 18800000 18999999 1760
Chr9 19000000 19199999 1654
Chr9 19200000 19399999 1772
Chr9 19400000 19599999 1779
Chr9 19600000 19799999 1838
Chr9 19800000 19999999 1843
Chr9 20000000 20199999 1839
Chr9 20200000 20399999 1727
Chr9 20400000 20599999 1713
Chr9 20600000 20799999 1800
Chr9 20800000 20999999 1819
Chr9 21000000 21199999 1811
Chr9 21200000 21399999 1762
Chr9 21400000 21599999 1772
Chr9 21600000 21799999 1764
Chr9 21800000 21999999 1759
Chr9 22000000 22199999 1873
Chr9 22200000 22399999 1749
Chr9 22400000 22599999 1774
Chr9 22600000 22799999 2009
Chr9 22800000 22999999 1518
Chr9 23000000 23012720 79
